year	month	dept_no	departmentName	numOwners	ownerSales	totalQty	transactions	Items
2013	06	1	PACKAGED GROCERY	2096.0	91233.6000000001	30132.0	6783.0	27628.0
2013	06	2	PRODUCE	2019.0	105706.38999999993	201989.92352800004	6565.0	33588.0
2013	06	3	BULK	1497.0	37440.30000000001	13515.079106999998	3367.0	7129.0
2013	06	4	REF GROCERY	1863.0	46426.050000000054	15792.0	5232.0	14686.0
2013	06	5	CHEESE	1074.0	13326.000000000004	1719.8961350000002	2261.0	4045.0
2013	06	6	FROZEN	1137.0	19143.62000000001	4821.530000000001	2224.0	4686.0
2013	06	7	BREAD	632.0	4828.780000000001	1633.0	1074.0	1463.0
2013	06	8	DELI	1361.0	30803.83000000002	81012.64269599998	3691.0	7374.0
2013	06	9	GEN MERCH	586.0	5819.25	84072.808493	811.0	1064.0
2013	06	10	SUPPLEMENTS	633.0	23381.76	5645.0	930.0	1434.0
2013	06	11	PERSONAL CARE	956.0	18626.94000000001	20558.185	1459.0	2651.0
2013	06	12	HERBS&SPICES	525.0	2896.100000000001	5430.075	722.0	1181.0
2013	06	13	MEAT	1130.0	35271.30000000001	6201.794338000001	2622.0	5274.0
2013	06	14	JUICE BAR	412.0	5269.559999999999	1401.0	893.0	1183.0
2013	06	16	FISH&SEAFOOD	459.0	7831.290000000002	632.5676240000004	686.0	830.0
2013	06	17	BAKEHOUSE	887.0	7338.6100000000015	2925.0	1801.0	2410.0
2013	06	18	FLOWERS	206.0	1702.7999999999997	68507.0	247.0	366.0
2013	05	1	PACKAGED GROCERY	2200.0	101332.90999999992	33292.05	7475.0	30269.0
2013	05	2	PRODUCE	2093.0	114384.96999999987	182857.44273100005	7278.0	37769.0
2013	05	3	BULK	1571.0	41895.63000000001	15531.894596000002	3772.0	7973.0
2013	05	4	REF GROCERY	1949.0	50070.57000000008	16257.0	5692.0	15061.0
2013	05	5	CHEESE	1137.0	14469.199999999999	1855.747979	2441.0	4295.0
2013	05	6	FROZEN	1204.0	22644.90000000002	5788.0	2480.0	5593.0
2013	05	7	BREAD	666.0	5302.789999999999	1827.0	1151.0	1588.0
2013	05	8	DELI	1456.0	36217.580000000016	50733.176789000005	4143.0	8554.0
2013	05	9	GEN MERCH	681.0	7855.130000000002	99086.152092	996.0	1348.0
2013	05	10	SUPPLEMENTS	722.0	28099.13000000001	29053.0	1086.0	1730.0
2013	05	11	PERSONAL CARE	963.0	20648.540000000008	10470.900000000003	1519.0	2754.0
2013	05	12	HERBS&SPICES	562.0	3048.0099999999993	225.57000000000002	791.0	1332.0
2013	05	13	MEAT	1230.0	39147.70000000001	7126.470205999999	2906.0	5903.0
2013	05	14	JUICE BAR	459.0	6006.7300000000005	1611.0	1035.0	1408.0
2013	05	16	FISH&SEAFOOD	501.0	7955.460000000001	632.7588690000002	751.0	916.0
2013	05	17	BAKEHOUSE	986.0	8548.130000000003	3449.0	1962.0	2658.0
2013	05	18	FLOWERS	341.0	6631.95	190581.0	513.0	1032.0
2013	12	1	PACKAGED GROCERY	2135.0	103123.62999999999	35649.31	7020.0	32032.0
2013	12	2	PRODUCE	1918.0	100734.70999999999	158858.43570099998	6114.0	31300.0
2013	12	3	BULK	1513.0	43774.81999999999	16949.758281999995	3556.0	8074.0
2013	12	4	REF GROCERY	1825.0	49638.390000000094	15967.0	5196.0	14779.0
2013	12	5	CHEESE	1048.0	15236.44	1979.524512	2223.0	4271.0
2013	12	6	FROZEN	1106.0	19144.520000000008	4842.0	2138.0	4725.0
2013	12	7	BREAD	537.0	4323.7	1408.0	881.0	1241.0
2013	12	8	DELI	1335.0	28190.99000000001	15700.0688	3396.0	6410.0
2013	12	9	GEN MERCH	796.0	13522.270000000002	338893.445297	1181.0	1964.0
2013	12	10	SUPPLEMENTS	670.0	24487.180000000004	9834.0	998.0	1618.0
2013	12	11	PERSONAL CARE	992.0	23916.910000000014	10113.936491	1637.0	3486.0
2013	12	12	HERBS&SPICES	694.0	4142.580000000001	354.07199999999995	1043.0	2039.0
2013	12	13	MEAT	1200.0	42525.67000000002	7359.630523000002	2780.0	5587.0
2013	12	14	JUICE BAR	354.0	3867.0100000000007	1102.0	729.0	1030.0
2013	12	16	FISH&SEAFOOD	470.0	8664.5	659.0170569999999	709.0	920.0
2013	12	17	BAKEHOUSE	924.0	7250.63	2591.0	1744.0	2314.0
2013	12	18	FLOWERS	118.0	1413.4800000000007	127790.0	131.0	160.0
2013	03	1	PACKAGED GROCERY	2160.0	104556.48999999987	34388.55	7344.0	31037.0
2013	03	2	PRODUCE	2046.0	106967.85999999999	143812.25431399996	6868.0	36009.0
2013	03	3	BULK	1607.0	44340.42	18191.550198999994	3935.0	8716.0
2013	03	4	REF GROCERY	1941.0	51763.73000000007	20401.0	5794.0	15861.0
2013	03	5	CHEESE	1102.0	14351.419999999995	1865.6825759999995	2337.0	4219.0
2013	03	6	FROZEN	1187.0	22265.84000000002	5623.0	2340.0	5423.0
2013	03	7	BREAD	632.0	5116.219999999999	1627.0	1111.0	1482.0
2013	03	8	DELI	1402.0	32186.82000000001	34818.795184999995	3816.0	7633.0
2013	03	9	GEN MERCH	682.0	7973.260000000003	96957.722059	1019.0	1383.0
2013	03	10	SUPPLEMENTS	750.0	30575.30000000001	18255.0	1184.0	1994.0
2013	03	11	PERSONAL CARE	955.0	22522.770000000004	5620.805000000001	1534.0	2687.0
2013	03	12	HERBS&SPICES	679.0	4184.72	3797.2100000000005	992.0	1702.0
2013	03	13	MEAT	1227.0	37980.219999999994	6973.696941	2854.0	5704.0
2013	03	14	JUICE BAR	431.0	5401.200000000001	1602.0	891.0	1196.0
2013	03	16	FISH&SEAFOOD	497.0	8252.75	680.2583200000001	806.0	980.0
2013	03	17	BAKEHOUSE	965.0	8276.77	3349.0	1876.0	2525.0
2013	03	18	FLOWERS	235.0	3239.5700000000006	193632.0	299.0	533.0
2013	04	1	PACKAGED GROCERY	2192.0	102084.20000000003	33334.530000000006	7378.0	30167.0
2013	04	2	PRODUCE	2076.0	106382.34999999993	187110.007629	6957.0	35805.0
2013	04	3	BULK	1641.0	42628.28999999999	17552.709189999998	3873.0	8359.0
2013	04	4	REF GROCERY	1945.0	51304.080000000016	18200.0	5794.0	16840.0
2013	04	5	CHEESE	1067.0	14290.570000000002	1842.875126	2312.0	4113.0
2013	04	6	FROZEN	1147.0	21376.790000000005	5378.0	2333.0	5211.0
2013	04	7	BREAD	643.0	5186.83	1682.0	1128.0	1481.0
2013	04	8	DELI	1442.0	40924.36000000001	868277.3174409997	3967.0	7815.0
2013	04	9	GEN MERCH	643.0	6389.869999999999	73734.38023000001	904.0	1195.0
2013	04	10	SUPPLEMENTS	706.0	27502.390000000003	31750.0	1135.0	1822.0
2013	04	11	PERSONAL CARE	950.0	19296.030000000006	4415.220000000001	1439.0	2401.0
2013	04	12	HERBS&SPICES	586.0	3208.94	1286.606000000001	848.0	1381.0
2013	04	13	MEAT	1207.0	37481.09	6779.961171000001	2884.0	5820.0
2013	04	14	JUICE BAR	447.0	5666.060000000001	1499.0	948.0	1280.0
2013	04	16	FISH&SEAFOOD	480.0	8550.990000000002	733.4945779999999	776.0	967.0
2013	04	17	BAKEHOUSE	945.0	7989.16	3164.0	1873.0	2441.0
2013	04	18	FLOWERS	215.0	2647.0499999999997	140067.0	278.0	519.0
2013	08	1	PACKAGED GROCERY	2092.0	95171.79000000005	31406.0	7202.0	28738.0
2013	08	2	PRODUCE	2020.0	97571.83999999995	181113.694883	6872.0	31735.0
2013	08	3	BULK	1515.0	39083.40999999999	17789.143637	3507.0	7262.0
2013	08	4	REF GROCERY	1854.0	47705.71000000007	15747.0	5524.0	14556.0
2013	08	5	CHEESE	1095.0	14808.070000000002	1913.3782449999997	2438.0	4400.0
2013	08	6	FROZEN	1087.0	18218.240000000005	4473.0	2153.0	4312.0
2013	08	7	BREAD	631.0	4869.1900000000005	1695.0	1106.0	1529.0
2013	08	8	DELI	1410.0	31709.050000000014	16069.812429999993	3945.0	7604.0
2013	08	9	GEN MERCH	629.0	6299.669999999999	69478.125225	889.0	1168.0
2013	08	10	SUPPLEMENTS	629.0	25297.110000000008	16545.0	995.0	1619.0
2013	08	11	PERSONAL CARE	922.0	18444.460000000006	7915.5	1445.0	2669.0
2013	08	12	HERBS&SPICES	521.0	2477.5299999999993	2022.155	748.0	1297.0
2013	08	13	MEAT	1162.0	38119.220000000016	6633.76558	2709.0	5497.0
2013	08	14	JUICE BAR	485.0	6450.640000000001	1775.0	1087.0	1455.0
2013	08	16	FISH&SEAFOOD	454.0	7885.4400000000005	628.8608569999999	705.0	870.0
2013	08	17	BAKEHOUSE	896.0	7331.709999999999	2879.0	1812.0	2418.0
2013	08	18	FLOWERS	111.0	978.9400000000002	58387.0	121.0	150.0
2013	11	1	PACKAGED GROCERY	2167.0	105264.10999999997	33710.55	7188.0	31390.0
2013	11	2	PRODUCE	1983.0	107764.63999999993	135044.755902	6547.0	31964.0
2013	11	3	BULK	1601.0	43208.39	11699.924298	3885.0	8285.0
2013	11	4	REF GROCERY	1910.0	51736.260000000075	16772.0	5564.0	15673.0
2013	11	5	CHEESE	1105.0	14138.32	1872.1037159999992	2357.0	4185.0
2013	11	6	FROZEN	1176.0	21635.58	5350.0	2328.0	5229.0
2013	11	7	BREAD	551.0	4381.76	1428.0	920.0	1275.0
2013	11	8	DELI	1415.0	31266.47	33135.807663	3667.0	6846.0
2013	11	9	GEN MERCH	672.0	8184.21	153136.575539	963.0	1373.0
2013	11	10	SUPPLEMENTS	681.0	23958.94000000001	7605.0	1038.0	1604.0
2013	11	11	PERSONAL CARE	916.0	20103.590000000007	8191.740000000001	1473.0	2610.0
2013	11	12	HERBS&SPICES	744.0	3839.5299999999997	6439.6078	1093.0	2004.0
2013	11	13	MEAT	1237.0	46118.700000000004	10395.168106999998	2893.0	5744.0
2013	11	14	JUICE BAR	400.0	4587.62	1260.0	867.0	1182.0
2013	11	16	FISH&SEAFOOD	429.0	6834.010000000002	530.5998599999999	629.0	773.0
2013	11	17	BAKEHOUSE	985.0	7940.789999999997	2866.0	1910.0	2549.0
2013	11	18	FLOWERS	119.0	1643.120000000001	139698.0	135.0	167.0
2013	09	1	PACKAGED GROCERY	2116.0	101481.21999999996	33526.200000000004	7309.0	30973.0
2013	09	2	PRODUCE	1972.0	96270.53999999995	157986.08697100004	6713.0	30676.0
2013	09	3	BULK	1526.0	39241.88999999999	14261.216610999996	3669.0	7692.0
2013	09	4	REF GROCERY	1851.0	49094.160000000054	16369.0	5555.0	15204.0
2013	09	5	CHEESE	1094.0	15223.029999999997	1940.6278499999999	2401.0	4402.0
2013	09	6	FROZEN	1121.0	21041.730000000014	5268.0	2334.0	5080.0
2013	09	7	BREAD	622.0	4827.700000000001	1596.0	1065.0	1466.0
2013	09	8	DELI	1363.0	31324.91000000001	30101.517164000008	3838.0	7445.0
2013	09	9	GEN MERCH	644.0	7598.77	111925.462168	934.0	1259.0
2013	09	10	SUPPLEMENTS	698.0	29054.57000000001	37409.0	1101.0	1831.0
2013	09	11	PERSONAL CARE	907.0	18524.940000000013	6007.474999999999	1444.0	2529.0
2013	09	12	HERBS&SPICES	598.0	2972.7900000000004	4205.33	850.0	1448.0
2013	09	13	MEAT	1215.0	39308.819999999985	6958.377166000002	2927.0	5789.0
2013	09	14	JUICE BAR	470.0	5267.799999999999	1406.0	1021.0	1339.0
2013	09	16	FISH&SEAFOOD	452.0	7613.34	604.0289429999999	708.0	888.0
2013	09	17	BAKEHOUSE	932.0	7739.369999999997	2924.0	1874.0	2542.0
2013	09	18	FLOWERS	136.0	1407.2100000000003	60602.0	165.0	207.0
2013	01	1	PACKAGED GROCERY	2183.0	104283.30999999997	34860.21	7163.0	31521.0
2013	01	2	PRODUCE	2029.0	102800.37999999993	117793.56516199998	6740.0	34975.0
2013	01	3	BULK	1604.0	41979.41999999999	12405.628158999996	3826.0	8353.0
2013	01	4	REF GROCERY	1939.0	50022.94000000008	19823.0	5660.0	15959.0
2013	01	5	CHEESE	1068.0	14248.67	1856.426105	2321.0	4276.0
2013	01	6	FROZEN	1153.0	21865.780000000013	5618.0	2436.0	5366.0
2013	01	7	BREAD	626.0	4861.549999999999	1609.0	1076.0	1457.0
2013	01	8	DELI	1396.0	30959.59999999999	20963.454290999984	3682.0	7547.0
2013	01	9	GEN MERCH	686.0	7146.050000000001	108957.93513299999	997.0	1283.0
2013	01	10	SUPPLEMENTS	751.0	31628.790000000008	13264.0	1229.0	2034.0
2013	01	11	PERSONAL CARE	896.0	18757.11000000001	10246.659999999996	1444.0	2452.0
2013	01	12	HERBS&SPICES	658.0	4684.099999999999	5110.853000000002	1024.0	1808.0
2013	01	13	MEAT	1200.0	38056.32000000001	7440.732729000003	2909.0	5865.0
2013	01	14	JUICE BAR	393.0	4649.330000000003	1268.0	819.0	1097.0
2013	01	16	FISH&SEAFOOD	449.0	6962.620000000001	589.3037710000001	710.0	819.0
2013	01	17	BAKEHOUSE	923.0	8230.41	3270.0	1871.0	2532.0
2013	01	18	FLOWERS	94.0	1295.6500000000005	126373.0	115.0	128.0
2013	07	1	PACKAGED GROCERY	2179.0	95434.18000000007	31418.0	7465.0	28782.0
2013	07	2	PRODUCE	2061.0	106489.61999999998	252534.69729500008	7049.0	34637.0
2013	07	3	BULK	1549.0	39019.689999999995	15084.429182	3587.0	7409.0
2013	07	4	REF GROCERY	1879.0	48184.100000000086	15960.0	5589.0	14880.0
2013	07	5	CHEESE	1131.0	14993.200000000003	1925.0601999999994	2453.0	4485.0
2013	07	6	FROZEN	1130.0	19442.52000000001	4656.0	2248.0	4530.0
2013	07	7	BREAD	696.0	5410.770000000003	1853.0	1213.0	1720.0
2013	07	8	DELI	1458.0	40078.73000000001	640079.9054739999	4076.0	8126.0
2013	07	9	GEN MERCH	622.0	6849.929999999999	97456.49203299999	869.0	1177.0
2013	07	10	SUPPLEMENTS	613.0	25065.84	10282.0	984.0	1555.0
2013	07	11	PERSONAL CARE	906.0	19037.460000000006	11736.119999999997	1389.0	2416.0
2013	07	12	HERBS&SPICES	515.0	2512.4700000000003	2011.9749999999997	745.0	1238.0
2013	07	13	MEAT	1238.0	38669.44000000002	6613.342712000001	2854.0	5725.0
2013	07	14	JUICE BAR	480.0	6543.590000000001	1826.0	1091.0	1527.0
2013	07	16	FISH&SEAFOOD	507.0	8788.66	683.0529280000001	779.0	938.0
2013	07	17	BAKEHOUSE	982.0	7651.499999999999	2977.0	1889.0	2556.0
2013	07	18	FLOWERS	124.0	1040.1100000000004	50459.0	144.0	179.0
2013	02	1	PACKAGED GROCERY	2075.0	96987.52000000003	31383.74	6534.0	28447.0
2013	02	2	PRODUCE	1980.0	95663.22	131699.496646	6217.0	32307.0
2013	02	3	BULK	1524.0	38268.9	9004.925072	3426.0	7449.0
2013	02	4	REF GROCERY	1827.0	45730.150000000074	15648.0	5034.0	14388.0
2013	02	5	CHEESE	1038.0	13125.710000000001	1725.5578929999997	2115.0	3808.0
2013	02	6	FROZEN	1129.0	19688.24000000001	4889.88	2142.0	4726.0
2013	02	7	BREAD	601.0	4498.849999999999	1489.0	968.0	1350.0
2013	02	8	DELI	1372.0	30071.31	37614.689387	3464.0	7077.0
2013	02	9	GEN MERCH	621.0	6612.329999999999	88919.140309	873.0	1183.0
2013	02	10	SUPPLEMENTS	698.0	26726.440000000006	12462.0	1031.0	1740.0
2013	02	11	PERSONAL CARE	919.0	18956.480000000003	9327.795000000002	1404.0	2625.0
2013	02	12	HERBS&SPICES	606.0	3726.6099999999988	1191.7279999999994	874.0	1478.0
2013	02	13	MEAT	1116.0	34312.869999999995	6548.893015000001	2511.0	5173.0
2013	02	14	JUICE BAR	365.0	4282.969999999999	1183.0	765.0	1009.0
2013	02	16	FISH&SEAFOOD	437.0	6719.599999999999	560.1908050000001	648.0	807.0
2013	02	17	BAKEHOUSE	880.0	7355.010000000002	2870.0	1654.0	2178.0
2013	02	18	FLOWERS	139.0	1669.8800000000008	156105.0	154.0	175.0
2013	10	1	PACKAGED GROCERY	2249.0	111004.17999999983	35756.49999999999	7582.0	33192.0
2013	10	2	PRODUCE	2104.0	96483.76000000001	142665.401953	6804.0	30728.0
2013	10	3	BULK	1647.0	44052.41	15033.836330999997	3884.0	8484.0
2013	10	4	REF GROCERY	1988.0	51071.5900000001	16605.0	5840.0	15505.0
2013	10	5	CHEESE	1188.0	14631.760000000002	1916.3582839999997	2484.0	4277.0
2013	10	6	FROZEN	1263.0	22770.730000000007	5868.85	2552.0	5674.0
2013	10	7	BREAD	641.0	4931.97	1676.0	1091.0	1518.0
2013	10	8	DELI	1411.0	32678.73000000001	22074.575078000005	3974.0	7533.0
2013	10	9	GEN MERCH	685.0	7782.920000000003	124839.438516	969.0	1323.0
2013	10	10	SUPPLEMENTS	773.0	32602.360000000008	35059.0	1211.0	1961.0
2013	10	11	PERSONAL CARE	962.0	20725.730000000003	9902.020000000002	1510.0	2732.0
2013	10	12	HERBS&SPICES	667.0	3500.5	355.27549999999997	974.0	1719.0
2013	10	13	MEAT	1270.0	41588.1	7493.475762	3056.0	6244.0
2013	10	14	JUICE BAR	437.0	5317.149999999998	1386.0	966.0	1307.0
2013	10	16	FISH&SEAFOOD	436.0	6733.55	541.099379	662.0	810.0
2013	10	17	BAKEHOUSE	982.0	7641.34	2832.0	1944.0	2509.0
2013	10	18	FLOWERS	96.0	1095.6100000000004	85169.71988799999	108.0	135.0
2015	06	1	PACKAGED GROCERY	2192.0	95081.0100000001	35132.0	7989.0	30736.0
2015	06	2	PRODUCE	2009.0	106650.11999999998	117259.87461999997	6821.0	32990.0
2015	06	3	BULK	1478.0	37283.11	9103.963504000001	3335.0	6777.0
2015	06	4	REF GROCERY	1909.0	50404.06000000005	15248.0	5644.0	14035.0
2015	06	5	CHEESE	1095.0	14736.649999999998	1780.6099580000005	2346.0	4149.0
2015	06	6	FROZEN	1086.0	19865.780000000002	4383.0	2164.0	4247.0
2015	06	7	BREAD	647.0	5151.299999999999	1629.0	1122.0	1470.0
2015	06	8	DELI	1700.0	37370.360000000015	17835.447352000003	5172.0	9339.0
2015	06	9	GEN MERCH	667.0	6807.900000000002	74815.626565	950.0	1297.0
2015	06	10	SUPPLEMENTS	603.0	23021.68	35282.0	890.0	1391.0
2015	06	11	PERSONAL CARE	911.0	20984.43000000001	13680.749181999998	1533.0	2749.0
2015	06	12	HERBS&SPICES	509.0	3657.9700000000007	275.12000000000006	731.0	1253.0
2015	06	13	MEAT	1197.0	41805.52999999999	6649.065194999999	2824.0	5831.0
2015	06	14	JUICE BAR	602.0	7861.4500000000035	2067.0	1326.0	1992.0
2015	06	16	FISH&SEAFOOD	475.0	8973.779999999999	649.13947	761.0	914.0
2015	06	18	FLOWERS	222.0	2447.04	89947.0	274.0	444.0
2015	06	22	BEER & WINE	21.0	186.0	39.0	33.0	38.0
2015	05	1	PACKAGED GROCERY	2246.0	104751.91000000008	37705.0	8512.0	33274.0
2015	05	2	PRODUCE	2070.0	116442.91999999988	120049.20370699998	7268.0	37350.0
2015	05	3	BULK	1525.0	42112.05999999999	14586.413946000004	3669.0	7675.0
2015	05	4	REF GROCERY	1962.0	55433.17000000007	16909.0	6108.0	15477.0
2015	05	5	CHEESE	1134.0	16138.529999999999	1937.6148219999995	2546.0	4469.0
2015	05	6	FROZEN	1147.0	22554.71	5247.0	2461.0	5099.0
2015	05	7	BREAD	695.0	5998.950000000001	1814.0	1262.0	1645.0
2015	05	8	DELI	1798.0	41793.03000000004	34988.288825	5666.0	10349.0
2015	05	9	GEN MERCH	637.0	6818.860000000001	37825.118868000005	957.0	1304.0
2015	05	10	SUPPLEMENTS	642.0	25059.10000000001	18361.0	976.0	1561.0
2015	05	11	PERSONAL CARE	968.0	20900.810000000005	12337.655000000002	1541.0	2745.0
2015	05	12	HERBS&SPICES	592.0	3759.7699999999995	2687.411000000001	872.0	1417.0
2015	05	13	MEAT	1251.0	47494.05	7736.472925	3139.0	6471.0
2015	05	14	JUICE BAR	629.0	9130.770000000002	2435.0	1531.0	2304.0
2015	05	16	FISH&SEAFOOD	470.0	8707.330000000002	661.1235029999997	759.0	914.0
2015	05	18	FLOWERS	334.0	7768.39	179646.0	458.0	1020.0
2015	05	22	BEER & WINE	29.0	227.0	55.0	46.0	55.0
2015	12	1	PACKAGED GROCERY	2259.0	104738.54000000001	35544.0	7754.0	31988.0
2015	12	2	PRODUCE	2058.0	95730.96999999997	179332.848465	6506.0	29741.0
2015	12	3	BULK	1531.0	39591.35999999998	22299.45284999999	3423.0	7238.0
2015	12	4	REF GROCERY	1936.0	53400.740000000056	15574.0	5514.0	14435.0
2015	12	5	CHEESE	1130.0	15214.350000000002	1783.6507580000002	2312.0	4338.0
2015	12	6	FROZEN	1037.0	18599.490000000013	4278.1900000000005	1964.0	4115.0
2015	12	7	BREAD	632.0	4881.57	1487.0	1021.0	1370.0
2015	12	8	DELI	1730.0	38997.690000000024	33380.216949999995	4960.0	9320.0
2015	12	9	GEN MERCH	761.0	13850.26	280615.10020600003	1214.0	1899.0
2015	12	10	SUPPLEMENTS	698.0	26606.75	12555.0	1028.0	1750.0
2015	12	11	PERSONAL CARE	964.0	22843.490000000013	8865.729899999998	1591.0	3123.0
2015	12	12	HERBS&SPICES	715.0	5399.000000000002	6361.686	1102.0	2072.0
2015	12	13	MEAT	1222.0	43828.94000000001	7072.855244000001	2717.0	5378.0
2015	12	14	JUICE BAR	489.0	6175.590000000001	1883.0	1101.0	1807.0
2015	12	16	FISH&SEAFOOD	483.0	8953.509999999998	671.2647489999999	757.0	987.0
2015	12	18	FLOWERS	120.0	1641.8800000000008	143292.0	141.0	161.0
2015	12	22	BEER & WINE	13.0	95.0	18.0	16.0	18.0
2015	03	1	PACKAGED GROCERY	2222.0	103099.10000000012	36583.0	8260.0	32535.0
2015	03	2	PRODUCE	2064.0	103177.66999999991	122459.330278	7212.0	35890.0
2015	03	3	BULK	1507.0	40845.85000000001	15040.834702000002	3621.0	7512.0
2015	03	4	REF GROCERY	1918.0	53343.560000000056	16386.0	5888.0	14964.0
2015	03	5	CHEESE	1131.0	15195.86	1856.0319400000003	2451.0	4302.0
2015	03	6	FROZEN	1138.0	21097.12	5205.0	2381.0	5033.0
2015	03	7	BREAD	666.0	5298.790000000002	1679.0	1183.0	1503.0
2015	03	8	DELI	1794.0	40177.04000000001	14042.720728	5485.0	9869.0
2015	03	9	GEN MERCH	639.0	7187.800000000002	79585.16228899999	954.0	1328.0
2015	03	10	SUPPLEMENTS	679.0	25597.280000000006	15742.0	1062.0	1678.0
2015	03	11	PERSONAL CARE	942.0	19920.030000000006	27204.845	1489.0	2608.0
2015	03	12	HERBS&SPICES	626.0	3898.2600000000007	3901.0005	937.0	1616.0
2015	03	13	MEAT	1240.0	43283.540000000015	7109.437862999998	3031.0	6052.0
2015	03	14	JUICE BAR	616.0	7850.010000000001	2034.0	1340.0	1935.0
2015	03	16	FISH&SEAFOOD	469.0	8729.95	662.887662	783.0	955.0
2015	03	18	FLOWERS	212.0	2673.4700000000003	155388.0	268.0	474.0
2015	03	22	BEER & WINE	24.0	250.0	53.0	47.0	52.0
2015	04	1	PACKAGED GROCERY	2303.0	101034.53000000017	36409.0	8365.0	32119.0
2015	04	2	PRODUCE	2104.0	107647.58999999991	133251.810881	7192.0	35983.0
2015	04	3	BULK	1542.0	40997.63	8433.036823999997	3649.0	7403.0
2015	04	4	REF GROCERY	1974.0	55656.07000000007	17106.0	6099.0	15784.0
2015	04	5	CHEESE	1173.0	16382.01	1960.5731950000002	2524.0	4456.0
2015	04	6	FROZEN	1116.0	20743.120000000006	4713.0	2295.0	4628.0
2015	04	7	BREAD	689.0	5759.889999999999	1703.0	1211.0	1549.0
2015	04	8	DELI	1792.0	40631.16000000005	18927.264817	5572.0	10110.0
2015	04	9	GEN MERCH	661.0	7216.690000000001	95473.48396899998	987.0	1379.0
2015	04	10	SUPPLEMENTS	660.0	24615.66	32457.0	1021.0	1549.0
2015	04	11	PERSONAL CARE	892.0	17792.650000000005	7675.019999999999	1376.0	2293.0
2015	04	12	HERBS&SPICES	582.0	3304.3199999999993	183.0065	829.0	1357.0
2015	04	13	MEAT	1283.0	45750.94	7443.421697000001	3054.0	6304.0
2015	04	14	JUICE BAR	585.0	8063.200000000003	2195.0	1406.0	2110.0
2015	04	16	FISH&SEAFOOD	492.0	9265.1	686.1305199999997	822.0	1018.0
2015	04	18	FLOWERS	284.0	3490.759999999999	209075.0	345.0	629.0
2015	04	22	BEER & WINE	26.0	250.0	51.0	44.0	50.0
2015	08	1	PACKAGED GROCERY	2168.0	95012.54000000008	35107.0	8046.0	30965.0
2015	08	2	PRODUCE	1976.0	96076.33999999998	92298.330553	6805.0	30849.0
2015	08	3	BULK	1414.0	36724.799999999996	10349.424363999993	3262.0	6650.0
2015	08	4	REF GROCERY	1862.0	50250.89000000002	15366.0	5689.0	14095.0
2015	08	5	CHEESE	1098.0	15701.610000000002	1824.1501770000007	2401.0	4380.0
2015	08	6	FROZEN	1012.0	18725.67	4099.0	2044.0	3965.0
2015	08	7	BREAD	676.0	5330.25	1653.0	1125.0	1491.0
2015	08	8	DELI	1721.0	39085.680000000015	15081.605821	5252.0	9693.0
2015	08	9	GEN MERCH	652.0	7258.520000000001	81024.063642	954.0	1346.0
2015	08	10	SUPPLEMENTS	635.0	22901.030000000006	26112.0	934.0	1481.0
2015	08	11	PERSONAL CARE	914.0	17179.190000000006	15280.69	1396.0	2381.0
2015	08	12	HERBS&SPICES	563.0	3633.7999999999997	262.51050000000004	815.0	1336.0
2015	08	13	MEAT	1181.0	41161.76000000002	6925.753930000002	2775.0	5625.0
2015	08	14	JUICE BAR	576.0	7361.670000000001	2013.0	1288.0	1947.0
2015	08	16	FISH&SEAFOOD	416.0	7656.9800000000005	558.3457569999999	695.0	831.0
2015	08	18	FLOWERS	118.0	1490.9900000000005	121779.0	143.0	184.0
2015	08	22	BEER & WINE	13.0	174.0	43.0	31.0	42.0
2015	11	1	PACKAGED GROCERY	2217.0	99429.83000000007	34498.0	7745.0	31088.0
2015	11	2	PRODUCE	1978.0	99389.32999999993	177496.22933200005	6407.0	30210.0
2015	11	3	BULK	1474.0	38774.97	15625.919151	3456.0	7427.0
2015	11	4	REF GROCERY	1915.0	53804.37000000005	15961.0	5596.0	14488.0
2015	11	5	CHEESE	1115.0	14520.239999999998	1762.1526260000007	2311.0	4155.0
2015	11	6	FROZEN	1075.0	19613.39000000001	4599.0	2084.0	4509.0
2015	11	7	BREAD	650.0	5245.700000000001	1545.0	1084.0	1390.0
2015	11	8	DELI	1732.0	40171.69000000002	27474.741937000003	5143.0	9739.0
2015	11	9	GEN MERCH	697.0	8904.99	183132.19573799998	1070.0	1460.0
2015	11	10	SUPPLEMENTS	632.0	24747.879999999997	16274.0	974.0	1567.0
2015	11	11	PERSONAL CARE	926.0	21552.270000000004	30684.748108	1482.0	2863.0
2015	11	12	HERBS&SPICES	705.0	4836.089999999999	986.9512999999998	1070.0	1977.0
2015	11	13	MEAT	1216.0	44386.42999999999	9183.436679999997	2763.0	5427.0
2015	11	14	JUICE BAR	533.0	5967.710000000002	1733.0	1093.0	1680.0
2015	11	16	FISH&SEAFOOD	436.0	7655.769999999999	588.06567	710.0	913.0
2015	11	18	FLOWERS	148.0	2251.150000000001	187277.0	176.0	202.0
2015	11	22	BEER & WINE	16.0	152.0	39.0	29.0	39.0
2015	09	1	PACKAGED GROCERY	2189.0	97661.99000000012	34804.0	7860.0	31209.0
2015	09	2	PRODUCE	1991.0	94891.36000000006	107281.61443500004	6486.0	29146.0
2015	09	3	BULK	1429.0	36799.66	11485.846544999999	3254.0	6843.0
2015	09	4	REF GROCERY	1902.0	51259.89000000004	15893.0	5737.0	14671.0
2015	09	5	CHEESE	1125.0	14921.359999999999	1842.582678	2427.0	4232.0
2015	09	6	FROZEN	1047.0	19329.110000000004	4518.0	2077.0	4376.0
2015	09	7	BREAD	643.0	5144.420000000001	1586.0	1113.0	1430.0
2015	09	8	DELI	1711.0	38119.170000000006	13876.920932	5160.0	9446.0
2015	09	9	GEN MERCH	586.0	6212.450000000001	72282.944048	846.0	1108.0
2015	09	10	SUPPLEMENTS	637.0	26193.500000000007	30944.0	975.0	1630.0
2015	09	11	PERSONAL CARE	882.0	17890.40000000001	12319.099999999999	1357.0	2428.0
2015	09	12	HERBS&SPICES	551.0	3560.9999999999995	4198.396999999996	795.0	1310.0
2015	09	13	MEAT	1171.0	43404.27000000001	7017.623280999997	2853.0	5809.0
2015	09	14	JUICE BAR	525.0	6784.660000000001	1884.0	1214.0	1827.0
2015	09	16	FISH&SEAFOOD	402.0	6681.359999999999	522.243852	649.0	764.0
2015	09	18	FLOWERS	130.0	1702.5200000000011	125020.0	166.0	239.0
2015	09	22	BEER & WINE	21.0	150.0	46.0	30.0	43.0
2015	01	1	PACKAGED GROCERY	2179.0	104052.01000000004	37864.0	7798.0	32929.0
2015	01	2	PRODUCE	2012.0	105873.52999999998	134726.22850799997	6931.0	35181.0
2015	01	3	BULK	1532.0	42923.21000000001	7718.25318	3680.0	7839.0
2015	01	4	REF GROCERY	1908.0	53942.55000000005	16699.0	5801.0	15272.0
2015	01	5	CHEESE	1142.0	16021.430000000002	1994.981705	2510.0	4439.0
2015	01	6	FROZEN	1158.0	22985.170000000016	5644.0	2412.0	5444.0
2015	01	7	BREAD	648.0	5412.8600000000015	1701.0	1134.0	1490.0
2015	01	8	DELI	1605.0	34925.66000000001	11055.697988000004	4616.0	8640.0
2015	01	9	GEN MERCH	662.0	6891.1	90623.51518599999	954.0	1272.0
2015	01	10	SUPPLEMENTS	730.0	28976.670000000002	27697.0	1176.0	1971.0
2015	01	11	PERSONAL CARE	890.0	18701.640000000007	9367.988721	1423.0	2354.0
2015	01	12	HERBS&SPICES	695.0	4188.029999999999	621.791	1055.0	1841.0
2015	01	13	MEAT	1241.0	45000.57000000002	7783.485379000002	3064.0	6104.0
2015	01	14	JUICE BAR	453.0	5677.45	1537.0	990.0	1481.0
2015	01	16	FISH&SEAFOOD	466.0	8431.82	643.972511	756.0	942.0
2015	01	17	BAKEHOUSE	267.0	1246.1600000000003	428.0	291.0	380.0
2015	01	18	FLOWERS	97.0	1333.5500000000004	118513.0	114.0	144.0
2015	01	22	BEER & WINE	10.0	86.0	16.0	11.0	15.0
2015	07	1	PACKAGED GROCERY	2154.0	92748.50000000012	32942.0	7917.0	29053.0
2015	07	2	PRODUCE	1968.0	99901.45999999999	110621.94586900003	6761.0	31829.0
2015	07	3	BULK	1444.0	37557.16	7729.736544	3333.0	6764.0
2015	07	4	REF GROCERY	1874.0	50660.48000000002	15499.0	5706.0	14299.0
2015	07	5	CHEESE	1113.0	14624.570000000002	1782.1466170000003	2364.0	4153.0
2015	07	6	FROZEN	1021.0	19289.360000000008	4262.0	2108.0	4098.0
2015	07	7	BREAD	671.0	5485.92	1733.0	1164.0	1576.0
2015	07	8	DELI	1688.0	39186.18000000002	15311.429526000002	5245.0	9661.0
2015	07	9	GEN MERCH	578.0	5662.45	53340.052711000004	839.0	1097.0
2015	07	10	SUPPLEMENTS	577.0	21542.4	15891.0	850.0	1300.0
2015	07	11	PERSONAL CARE	894.0	17831.050000000007	7480.275000000003	1412.0	2368.0
2015	07	12	HERBS&SPICES	520.0	3535.18	1992.2050000000002	754.0	1284.0
2015	07	13	MEAT	1181.0	42911.40000000002	6814.402186	2832.0	5760.0
2015	07	14	JUICE BAR	615.0	8153.500000000001	2163.0	1384.0	2072.0
2015	07	16	FISH&SEAFOOD	430.0	7766.909999999999	578.9581670000002	682.0	826.0
2015	07	18	FLOWERS	122.0	1508.010000000001	113497.0	149.0	197.0
2015	07	22	BEER & WINE	16.0	170.0	45.0	28.0	45.0
2015	02	1	PACKAGED GROCERY	2130.0	95471.13000000012	33854.0	7270.0	29928.0
2015	02	2	PRODUCE	1940.0	92280.64999999997	125461.85759900005	6171.0	30954.0
2015	02	3	BULK	1458.0	38337.850000000006	18176.742168999994	3339.0	7093.0
2015	02	4	REF GROCERY	1882.0	48795.10000000001	15168.0	5274.0	13978.0
2015	02	5	CHEESE	1093.0	13788.569999999998	1699.1842369999997	2196.0	3878.0
2015	02	6	FROZEN	1050.0	19863.410000000003	4505.85	2091.0	4400.0
2015	02	7	BREAD	600.0	4756.579999999999	1531.0	1002.0	1343.0
2015	02	8	DELI	1615.0	35734.16000000002	12185.502116	4709.0	8769.0
2015	02	9	GEN MERCH	601.0	5768.81	72726.36429999999	869.0	1171.0
2015	02	10	SUPPLEMENTS	651.0	24816.630000000005	20192.0	994.0	1616.0
2015	02	11	PERSONAL CARE	868.0	17432.790000000005	7928.564475000001	1361.0	2405.0
2015	02	12	HERBS&SPICES	621.0	4091.8599999999997	2077.3	926.0	1637.0
2015	02	13	MEAT	1186.0	39819.59	6688.078213000001	2730.0	5590.0
2015	02	14	JUICE BAR	489.0	5649.740000000001	1533.0	1051.0	1483.0
2015	02	16	FISH&SEAFOOD	434.0	8127.71	621.8786890000001	689.0	882.0
2015	02	18	FLOWERS	129.0	1815.9800000000005	137626.0	147.0	259.0
2015	02	22	BEER & WINE	23.0	232.0	47.0	32.0	45.0
2015	10	1	PACKAGED GROCERY	2203.0	100250.49000000005	35489.0	7915.0	31479.0
2015	10	2	PRODUCE	1998.0	90657.52999999998	130709.656251	6480.0	28553.0
2015	10	3	BULK	1457.0	38201.29000000001	9212.316098	3320.0	7008.0
2015	10	4	REF GROCERY	1871.0	50406.60000000006	15110.0	5481.0	13883.0
2015	10	5	CHEESE	1123.0	14980.029999999999	1875.7733020000003	2411.0	4367.0
2015	10	6	FROZEN	1003.0	18182.950000000004	4271.0	1968.0	4126.0
2015	10	7	BREAD	599.0	4928.810000000001	1492.0	1055.0	1338.0
2015	10	8	DELI	1725.0	38825.51000000003	15802.967881000002	5195.0	9834.0
2015	10	9	GEN MERCH	591.0	5985.94	91579.63729499998	826.0	1161.0
2015	10	10	SUPPLEMENTS	656.0	27620.010000000013	60554.0	1014.0	1662.0
2015	10	11	PERSONAL CARE	872.0	17966.66000000001	3206.455	1359.0	2384.0
2015	10	12	HERBS&SPICES	657.0	4103.26	320.3050000000001	948.0	1694.0
2015	10	13	MEAT	1198.0	41745.85999999999	6866.020686	2793.0	5672.0
2015	10	14	JUICE BAR	533.0	6334.790000000002	1843.0	1220.0	1796.0
2015	10	16	FISH&SEAFOOD	448.0	7755.489999999998	621.2712609999999	711.0	904.0
2015	10	18	FLOWERS	107.0	1374.7800000000007	107394.0	129.0	163.0
2015	10	22	BEER & WINE	21.0	121.0	38.0	26.0	38.0
2014	06	1	PACKAGED GROCERY	2211.0	93415.96000000014	34728.0	7838.0	30709.0
2014	06	2	PRODUCE	2075.0	112458.2399999999	162698.42219099996	7057.0	34503.0
2014	06	3	BULK	1535.0	39096.35	18585.879974	3569.0	7430.0
2014	06	4	REF GROCERY	1916.0	49284.61000000007	15648.0	5590.0	14560.0
2014	06	5	CHEESE	1115.0	14604.53	1825.9730459999996	2417.0	4157.0
2014	06	6	FROZEN	1172.0	21913.360000000004	5457.0	2446.0	5325.0
2014	06	7	BREAD	652.0	5006.560000000001	1628.0	1079.0	1482.0
2014	06	8	DELI	1445.0	33087.91	10465.297461999999	4164.0	7629.0
2014	06	9	GEN MERCH	624.0	6479.73	89428.83650199999	902.0	1229.0
2014	06	10	SUPPLEMENTS	631.0	24868.86	20231.0	947.0	1591.0
2014	06	11	PERSONAL CARE	998.0	21407.27000000001	14786.435000000001	1622.0	2934.0
2014	06	12	HERBS&SPICES	542.0	3312.5600000000004	259.74999999999994	742.0	1299.0
2014	06	13	MEAT	1231.0	41775.930000000015	6951.210463000002	2929.0	5890.0
2014	06	14	JUICE BAR	510.0	6913.8600000000015	1711.0	1132.0	1648.0
2014	06	16	FISH&SEAFOOD	464.0	9220.73	662.7804250000002	730.0	909.0
2014	06	17	BAKEHOUSE	907.0	6869.769999999999	2557.0	1761.0	2299.0
2014	06	18	FLOWERS	173.0	1584.7600000000002	101503.0	191.0	255.0
2014	05	1	PACKAGED GROCERY	2242.0	106836.00000000009	38959.0	8275.0	34690.0
2014	05	2	PRODUCE	2071.0	116280.91999999994	152585.46574299998	7191.0	36496.0
2014	05	3	BULK	1582.0	42659.819999999985	8341.623296	3823.0	7960.0
2014	05	4	REF GROCERY	1916.0	52985.980000000105	17082.0	5916.0	15858.0
2014	05	5	CHEESE	1121.0	14780.189999999997	1866.3172299999999	2420.0	4190.0
2014	05	6	FROZEN	1186.0	23642.520000000015	5936.0	2487.0	5748.0
2014	05	7	BREAD	666.0	5441.490000000001	1797.0	1192.0	1596.0
2014	05	8	DELI	1499.0	35581.64000000002	60606.98473700001	4335.0	7995.0
2014	05	9	GEN MERCH	660.0	6531.610000000002	102298.58497799998	991.0	1298.0
2014	05	10	SUPPLEMENTS	630.0	24893.490000000005	11761.0	1035.0	1612.0
2014	05	11	PERSONAL CARE	945.0	19161.360000000008	9095.990622999998	1502.0	2597.0
2014	05	12	HERBS&SPICES	576.0	3282.8000000000006	3192.066	834.0	1415.0
2014	05	13	MEAT	1247.0	44316.009999999995	7341.305021	3051.0	6253.0
2014	05	14	JUICE BAR	517.0	6704.0300000000025	1772.0	1188.0	1650.0
2014	05	16	FISH&SEAFOOD	474.0	9354.26	675.1886419999998	797.0	993.0
2014	05	17	BAKEHOUSE	937.0	7353.3899999999985	2782.0	1864.0	2463.0
2014	05	18	FLOWERS	401.0	8320.380000000001	180752.0	611.0	1248.0
2014	12	1	PACKAGED GROCERY	2171.0	106076.7100000001	36783.0	7569.0	32111.0
2014	12	2	PRODUCE	1969.0	96981.14999999995	117036.966838	6414.0	30998.0
2014	12	3	BULK	1533.0	43323.28	12192.328669	3613.0	7722.0
2014	12	4	REF GROCERY	1894.0	52217.36000000003	15930.0	5474.0	14509.0
2014	12	5	CHEESE	1122.0	16164.409999999998	1956.032714	2361.0	4336.0
2014	12	6	FROZEN	1058.0	19448.250000000004	4766.0	2132.0	4626.0
2014	12	7	BREAD	560.0	4604.54	1462.0	972.0	1277.0
2014	12	8	DELI	1357.0	29802.18000000001	9409.964621	3682.0	6901.0
2014	12	9	GEN MERCH	773.0	14561.250000000005	228381.38097999996	1228.0	2048.0
2014	12	10	SUPPLEMENTS	671.0	25714.070000000014	17973.0	1008.0	1757.0
2014	12	11	PERSONAL CARE	970.0	24983.060000000012	10661.393963999997	1613.0	3272.0
2014	12	12	HERBS&SPICES	755.0	4989.95	377.33000000000004	1145.0	2100.0
2014	12	13	MEAT	1182.0	45495.23000000001	7510.731698	2807.0	5686.0
2014	12	14	JUICE BAR	390.0	4689.59	1263.0	842.0	1216.0
2014	12	16	FISH&SEAFOOD	436.0	8198.580000000002	623.5868180000002	671.0	835.0
2014	12	17	BAKEHOUSE	907.0	7479.4000000000015	2477.0	1696.0	2190.0
2014	12	18	FLOWERS	115.0	1604.3100000000009	147259.0	140.0	167.0
2014	03	1	PACKAGED GROCERY	2199.0	112303.59999999993	39927.0	7892.0	35657.0
2014	03	2	PRODUCE	2058.0	108152.7	148747.96384899996	7021.0	35903.0
2014	03	3	BULK	1591.0	45908.040000000015	16553.135465000003	3983.0	8844.0
2014	03	4	REF GROCERY	1933.0	54769.430000000124	17542.0	5813.0	16202.0
2014	03	5	CHEESE	1099.0	14824.550000000001	1904.6459109999996	2429.0	4126.0
2014	03	6	FROZEN	1195.0	24310.06000000001	6372.0	2546.0	6207.0
2014	03	7	BREAD	608.0	5110.409999999999	1649.0	1078.0	1512.0
2014	03	8	DELI	1401.0	30845.130000000005	10523.921421999998	3916.0	7396.0
2014	03	9	GEN MERCH	637.0	7151.029999999999	82024.618458	957.0	1282.0
2014	03	10	SUPPLEMENTS	738.0	28645.819999999992	8472.0	1193.0	1858.0
2014	03	11	PERSONAL CARE	983.0	21327.70000000001	7496.639838999999	1614.0	2770.0
2014	03	12	HERBS&SPICES	655.0	3908.0400000000004	4385.975	1001.0	1700.0
2014	03	13	MEAT	1216.0	42062.760000000024	7367.414908000002	2995.0	6143.0
2014	03	14	JUICE BAR	499.0	6677.9900000000025	2501.0	1193.0	1615.0
2014	03	16	FISH&SEAFOOD	498.0	9416.740000000002	713.5588869999998	823.0	1011.0
2014	03	17	BAKEHOUSE	937.0	6980.349999999999	2613.0	1802.0	2308.0
2014	03	18	FLOWERS	220.0	2408.9800000000005	138199.0	265.0	508.0
2014	04	1	PACKAGED GROCERY	2178.0	101237.54000000008	36723.0	7765.0	32691.0
2014	04	2	PRODUCE	2023.0	105203.22999999998	153870.3027110001	6820.0	34696.0
2014	04	3	BULK	1540.0	41274.67999999999	8770.977149000002	3785.0	8169.0
2014	04	4	REF GROCERY	1925.0	52693.2100000001	17331.0	5727.0	16092.0
2014	04	5	CHEESE	1106.0	14755.700000000003	1860.758052	2361.0	4074.0
2014	04	6	FROZEN	1193.0	22012.390000000014	5613.0	2417.0	5487.0
2014	04	7	BREAD	610.0	4622.120000000001	1460.0	1023.0	1345.0
2014	04	8	DELI	1419.0	31280.63000000001	20829.273093000003	3894.0	7359.0
2014	04	9	GEN MERCH	638.0	6629.67	72321.11533599999	928.0	1187.0
2014	04	10	SUPPLEMENTS	659.0	26105.370000000024	41564.0	1049.0	1655.0
2014	04	11	PERSONAL CARE	929.0	19536.27	7952.479984999999	1436.0	2524.0
2014	04	12	HERBS&SPICES	575.0	3311.42	2833.032	841.0	1362.0
2014	04	13	MEAT	1220.0	40654.45000000001	6940.929641	2918.0	5769.0
2014	04	14	JUICE BAR	486.0	6639.560000000002	1763.0	1152.0	1671.0
2014	04	16	FISH&SEAFOOD	444.0	8514.62	644.934259	749.0	912.0
2014	04	17	BAKEHOUSE	970.0	6964.0099999999975	2608.0	1840.0	2326.0
2014	04	18	FLOWERS	294.0	3340.09	197958.0	357.0	648.0
2014	08	1	PACKAGED GROCERY	2201.0	97610.9300000001	34882.0	7833.0	30721.0
2014	08	2	PRODUCE	2014.0	97941.27999999998	83785.526544	6790.0	30360.0
2014	08	3	BULK	1509.0	40249.34999999999	7035.482048999999	3537.0	7314.0
2014	08	4	REF GROCERY	1874.0	49758.730000000076	15992.0	5513.0	14744.0
2014	08	5	CHEESE	1109.0	14579.169999999998	1863.5234749999997	2398.0	4202.0
2014	08	6	FROZEN	1122.0	19259.480000000003	4645.0	2214.0	4489.0
2014	08	7	BREAD	629.0	4868.449999999998	1564.0	1054.0	1450.0
2014	08	8	DELI	1422.0	35068.46	11633.936465000004	4229.0	8035.0
2014	08	9	GEN MERCH	679.0	7414.350000000002	116056.57754599999	1008.0	1422.0
2014	08	10	SUPPLEMENTS	656.0	24437.920000000002	14353.0	999.0	1593.0
2014	08	11	PERSONAL CARE	900.0	18999.190000000013	8441.943596000001	1420.0	2380.0
2014	08	12	HERBS&SPICES	577.0	3464.18	5656.084999999999	847.0	1439.0
2014	08	13	MEAT	1185.0	41886.79000000001	6559.872806000001	2810.0	5701.0
2014	08	14	JUICE BAR	516.0	7466.600000000002	1870.0	1185.0	1774.0
2014	08	16	FISH&SEAFOOD	437.0	8527.489999999998	620.328261	719.0	870.0
2014	08	17	BAKEHOUSE	927.0	6858.75	2556.0	1759.0	2268.0
2014	08	18	FLOWERS	124.0	1245.1400000000006	89132.0	145.0	175.0
2014	11	1	PACKAGED GROCERY	2172.0	106395.57000000005	37652.0	7560.0	33286.0
2014	11	2	PRODUCE	1990.0	102805.34999999996	137654.479732	6554.0	32684.0
2014	11	3	BULK	1553.0	45405.77999999999	10889.592843999999	3745.0	8137.0
2014	11	4	REF GROCERY	1900.0	54441.67000000004	16774.0	5673.0	15517.0
2014	11	5	CHEESE	1099.0	16063.0	1924.0597839999994	2430.0	4472.0
2014	11	6	FROZEN	1146.0	21157.43	4934.0	2240.0	4813.0
2014	11	7	BREAD	597.0	4738.11	1474.0	1000.0	1325.0
2014	11	8	DELI	1378.0	31090.520000000008	9819.532953000002	3768.0	7137.0
2014	11	9	GEN MERCH	691.0	7920.760000000002	146625.86048099998	1050.0	1426.0
2014	11	10	SUPPLEMENTS	650.0	25348.300000000014	20210.0	999.0	1603.0
2014	11	11	PERSONAL CARE	966.0	20588.830000000013	5156.610629000001	1557.0	2813.0
2014	11	12	HERBS&SPICES	738.0	4723.990000000002	329.14500000000004	1156.0	2071.0
2014	11	13	MEAT	1262.0	50016.37000000002	10265.649648999999	3115.0	6221.0
2014	11	14	JUICE BAR	403.0	5137.629999999999	1466.0	888.0	1406.0
2014	11	16	FISH&SEAFOOD	447.0	8171.769999999998	628.633484	722.0	901.0
2014	11	17	BAKEHOUSE	927.0	7864.820000000001	3057.0	1822.0	2414.0
2014	11	18	FLOWERS	125.0	1559.7300000000007	137444.93	146.0	173.0
2014	09	1	PACKAGED GROCERY	2256.0	105131.13000000005	37127.0	7949.0	32881.0
2014	09	2	PRODUCE	2056.0	93503.33	112451.93207100002	6815.0	30265.0
2014	09	3	BULK	1572.0	40983.38999999999	16373.230058000005	3647.0	7704.0
2014	09	4	REF GROCERY	1936.0	50810.03999999999	16118.0	5716.0	14812.0
2014	09	5	CHEESE	1162.0	14839.349999999999	1865.4921909999998	2510.0	4377.0
2014	09	6	FROZEN	1135.0	20324.830000000005	5027.0	2259.0	4864.0
2014	09	7	BREAD	630.0	5011.400000000001	1584.0	1073.0	1406.0
2014	09	8	DELI	1386.0	33064.340000000004	19882.10873500001	4170.0	7908.0
2014	09	9	GEN MERCH	671.0	7106.409999999998	95890.687105	1005.0	1330.0
2014	09	10	SUPPLEMENTS	689.0	26345.660000000007	17683.0	1068.0	1782.0
2014	09	11	PERSONAL CARE	936.0	19222.14000000001	16333.944495999996	1442.0	2553.0
2014	09	12	HERBS&SPICES	588.0	3954.68	690.3419999999995	869.0	1561.0
2014	09	13	MEAT	1233.0	42020.67	6924.953546000002	2977.0	5838.0
2014	09	14	JUICE BAR	477.0	6441.34	1710.0	1095.0	1642.0
2014	09	16	FISH&SEAFOOD	479.0	7957.749999999998	616.7257	771.0	928.0
2014	09	17	BAKEHOUSE	970.0	7233.63	2683.0	1904.0	2418.0
2014	09	18	FLOWERS	140.0	1562.7100000000007	108119.51	163.0	190.0
2014	01	1	PACKAGED GROCERY	2116.0	105054.85000000002	37276.0	7249.0	33544.0
2014	01	2	PRODUCE	1989.0	102799.99000000002	119217.49619600001	6406.0	33300.0
2014	01	3	BULK	1538.0	42402.21999999999	14121.692091000003	3662.0	8074.0
2014	01	4	REF GROCERY	1875.0	50575.37000000008	16801.0	5454.0	15500.0
2014	01	5	CHEESE	1069.0	13880.749999999995	1803.9740009999994	2250.0	3980.0
2014	01	6	FROZEN	1130.0	20746.579999999998	5464.0	2223.0	5326.0
2014	01	7	BREAD	526.0	4056.13	1314.0	902.0	1164.0
2014	01	8	DELI	1271.0	27127.640000000003	14501.962218	3407.0	6528.0
2014	01	9	GEN MERCH	636.0	7086.149999999997	102177.728509	922.0	1296.0
2014	01	10	SUPPLEMENTS	668.0	27895.850000000002	35820.0	1074.0	1827.0
2014	01	11	PERSONAL CARE	937.0	18314.100000000002	6619.1500000000015	1476.0	2559.0
2014	01	12	HERBS&SPICES	708.0	3751.530000000001	4288.040000000001	1073.0	1898.0
2014	01	13	MEAT	1203.0	42785.64000000002	7512.284056000001	2898.0	6059.0
2014	01	14	JUICE BAR	398.0	4328.51	1241.0	834.0	1170.0
2014	01	16	FISH&SEAFOOD	453.0	8100.910000000001	607.526619	716.0	877.0
2014	01	17	BAKEHOUSE	930.0	6963.949999999998	2586.0	1743.0	2298.0
2014	01	18	FLOWERS	72.0	969.9800000000005	78030.0	88.0	101.0
2014	07	1	PACKAGED GROCERY	2134.0	94943.9900000002	34439.0	7732.0	30522.0
2014	07	2	PRODUCE	2011.0	106135.1499999999	110406.82021699999	6919.0	31971.0
2014	07	3	BULK	1451.0	37538.92999999999	10740.503234000003	3396.0	7063.0
2014	07	4	REF GROCERY	1864.0	49258.77000000008	15643.0	5556.0	14659.0
2014	07	5	CHEESE	1136.0	14401.489999999998	1800.8588909999996	2359.0	4053.0
2014	07	6	FROZEN	1085.0	20135.070000000007	4729.65	2222.0	4576.0
2014	07	7	BREAD	632.0	4897.550000000001	1655.0	1088.0	1485.0
2014	07	8	DELI	1413.0	34118.41000000001	21400.248057999997	4217.0	8054.0
2014	07	9	GEN MERCH	637.0	6523.490000000001	89969.278834	926.0	1213.0
2014	07	10	SUPPLEMENTS	630.0	24890.90000000001	7445.0	964.0	1578.0
2014	07	11	PERSONAL CARE	887.0	18589.980000000003	13466.276486	1433.0	2458.0
2014	07	12	HERBS&SPICES	524.0	3076.89	1283.7000000000003	718.0	1249.0
2014	07	13	MEAT	1226.0	39790.990000000005	6726.215863	2899.0	5707.0
2014	07	14	JUICE BAR	502.0	6790.700000000004	1806.0	1151.0	1739.0
2014	07	16	FISH&SEAFOOD	449.0	8239.41	613.4603049999998	726.0	934.0
2014	07	17	BAKEHOUSE	927.0	6597.500000000002	2478.0	1717.0	2183.0
2014	07	18	FLOWERS	125.0	1238.3400000000006	95159.0	152.0	178.0
2014	02	1	PACKAGED GROCERY	1996.0	95348.51000000013	34099.0	6674.0	30757.0
2014	02	2	PRODUCE	1844.0	89514.93000000005	119640.72618700002	5741.0	29337.0
2014	02	3	BULK	1447.0	38284.100000000006	15015.195195000006	3321.0	7341.0
2014	02	4	REF GROCERY	1769.0	46371.36000000011	15427.0	4991.0	14447.0
2014	02	5	CHEESE	988.0	12407.99	1620.521647	2047.0	3521.0
2014	02	6	FROZEN	1101.0	20449.940000000006	5194.0	2124.0	5076.0
2014	02	7	BREAD	495.0	4082.3399999999997	1355.0	864.0	1195.0
2014	02	8	DELI	1289.0	27245.350000000006	8570.837726	3354.0	6482.0
2014	02	9	GEN MERCH	581.0	6168.659999999999	119911.420596	846.0	1148.0
2014	02	10	SUPPLEMENTS	628.0	24583.890000000003	7294.0	961.0	1573.0
2014	02	11	PERSONAL CARE	862.0	18641.700000000004	15915.999999999998	1361.0	2368.0
2014	02	12	HERBS&SPICES	590.0	3229.2300000000005	1690.1849999999997	848.0	1454.0
2014	02	13	MEAT	1149.0	38236.240000000005	6612.439962	2582.0	5399.0
2014	02	14	JUICE BAR	379.0	4663.869999999999	1183.0	859.0	1131.0
2014	02	16	FISH&SEAFOOD	411.0	6852.870000000001	512.699094	629.0	757.0
2014	02	17	BAKEHOUSE	833.0	6231.63	2401.0	1588.0	2114.0
2014	02	18	FLOWERS	111.0	1491.4800000000007	137777.719888	130.0	151.0
2014	10	1	PACKAGED GROCERY	2195.0	103401.26000000007	37595.0	7892.0	33114.0
2014	10	2	PRODUCE	2026.0	93768.74999999994	114656.46404900002	6715.0	30323.0
2014	10	3	BULK	1533.0	41334.07	10912.612619000003	3717.0	7674.0
2014	10	4	REF GROCERY	1905.0	50635.340000000055	15754.0	5609.0	14473.0
2014	10	5	CHEESE	1108.0	14465.569999999998	1802.4588540000002	2428.0	4209.0
2014	10	6	FROZEN	1107.0	20236.149999999998	4755.0	2228.0	4658.0
2014	10	7	BREAD	589.0	4653.28	1455.0	1017.0	1313.0
2014	10	8	DELI	1426.0	32354.450000000004	9008.115731999998	4188.0	7798.0
2014	10	9	GEN MERCH	696.0	7155.100000000003	107526.318151	1035.0	1376.0
2014	10	10	SUPPLEMENTS	691.0	27924.24000000001	39425.0	1103.0	1814.0
2014	10	11	PERSONAL CARE	905.0	19319.780000000006	10586.197296999999	1445.0	2498.0
2014	10	12	HERBS&SPICES	659.0	4421.4400000000005	256.83500000000004	1017.0	1717.0
2014	10	13	MEAT	1225.0	43848.26000000002	7484.751064000001	2979.0	5949.0
2014	10	14	JUICE BAR	456.0	6060.650000000001	1653.0	1052.0	1600.0
2014	10	16	FISH&SEAFOOD	446.0	7592.400000000002	577.6009050000001	690.0	859.0
2014	10	17	BAKEHOUSE	904.0	7113.570000000001	2582.0	1815.0	2318.0
2014	10	18	FLOWERS	108.0	1137.4400000000003	82301.59	133.0	179.0
2010	06	1	PACKAGED GROCERY	2112.0	79434.2400000001	37058.880000000005	7441.0	32940.0
2010	06	2	PRODUCE	1927.0	93639.30000000002	196385.42099100008	6678.0	33116.0
2010	06	3	BULK	1502.0	32576.420000000006	11140.527337000001	3482.0	7455.0
2010	06	4	REF GROCERY	1814.0	44411.64000000004	16766.0	5438.0	15548.0
2010	06	5	CHEESE	1081.0	12767.050000000001	1843.4957339999996	2363.0	4073.0
2010	06	6	FROZEN	1108.0	18987.51000000001	4979.0	2272.0	4831.0
2010	06	7	BREAD	726.0	5699.209999999997	1897.0	1263.0	1783.0
2010	06	8	DELI	1381.0	30285.510000000006	12424.938030999994	3760.0	7328.0
2010	06	9	GEN MERCH	558.0	5858.609999999999	122629.597316	771.0	1046.0
2010	06	10	SUPPLEMENTS	660.0	27146.619999999995	23726.0	1063.0	1789.0
2010	06	11	PERSONAL CARE	905.0	20722.640000000003	16902.714999999997	1469.0	2637.0
2010	06	12	HERBS&SPICES	463.0	3143.3900000000003	236.11499999999992	684.0	1169.0
2010	06	13	MEAT	1065.0	28074.55000000001	5115.203876	2425.0	4754.0
2010	06	14	JUICE BAR	343.0	3852.5099999999993	933.0	757.0	924.0
2010	06	16	FISH&SEAFOOD	422.0	7934.580000000003	617.2863339999999	668.0	787.0
2010	06	17	BAKEHOUSE	904.0	6392.370000000001	2426.0	1735.0	2231.0
2010	06	18	FLOWERS	157.0	1352.8600000000006	74202.0	187.0	224.0
2010	05	1	PACKAGED GROCERY	2153.0	98727.65000000001	37491.74999999999	7926.0	33825.0
2010	05	2	PRODUCE	2001.0	108770.43999999999	204771.96033199996	7361.0	38384.0
2010	05	3	BULK	1518.0	35909.29999999999	12724.157407000002	3725.0	8451.0
2010	05	4	REF GROCERY	1910.0	48464.42000000009	18655.0	5977.0	17303.0
2010	05	5	CHEESE	1139.0	14923.010000000004	2109.4802669999995	2652.0	4784.0
2010	05	6	FROZEN	1205.0	21289.86	6021.0	2590.0	5737.0
2010	05	7	BREAD	741.0	6148.530000000001	1959.0	1328.0	1830.0
2010	05	8	DELI	1429.0	33675.46	12901.291055	4151.0	8193.0
2010	05	9	GEN MERCH	637.0	7874.749999999999	176059.0	895.0	1235.0
2010	05	10	SUPPLEMENTS	747.0	30337.91000000001	23032.0	1214.0	2010.0
2010	05	11	PERSONAL CARE	941.0	19788.840000000015	10822.524999999998	1558.0	2658.0
2010	05	12	HERBS&SPICES	535.0	3408.639999999999	443.93	819.0	1328.0
2010	05	13	MEAT	1120.0	31664.700000000008	6067.841359	2692.0	5377.0
2010	05	14	JUICE BAR	406.0	4858.819999999999	1377.0	906.0	1218.0
2010	05	16	FISH&SEAFOOD	405.0	7742.7699999999995	642.6074539999997	693.0	808.0
2010	05	17	BAKEHOUSE	982.0	7379.079999999999	2787.0	1983.0	2576.0
2010	05	18	FLOWERS	368.0	5434.839999999998	149296.0	515.0	836.0
2010	12	1	PACKAGED GROCERY	2051.0	102959.74999999994	35617.17999999999	6855.0	31968.0
2010	12	2	PRODUCE	1901.0	87829.33000000006	107872.083479	6169.0	31978.0
2010	12	3	BULK	1530.0	38488.12	15089.008936999999	3688.0	8609.0
2010	12	4	REF GROCERY	1814.0	48431.980000000025	17382.0	5401.0	16147.0
2010	12	5	CHEESE	1122.0	15704.41	2130.007054	2457.0	4684.0
2010	12	6	FROZEN	1119.0	19769.020000000015	5404.0	2238.0	5325.0
2010	12	7	BREAD	659.0	5169.139999999999	1678.0	1133.0	1582.0
2010	12	8	DELI	1305.0	28048.92000000001	12561.613715999998	3278.0	6502.0
2010	12	9	GEN MERCH	763.0	13488.07	391991.798658	1170.0	1931.0
2010	12	10	SUPPLEMENTS	684.0	27260.580000000005	13507.0	1130.0	1838.0
2010	12	11	PERSONAL CARE	976.0	22765.800000000003	6023.045000000002	1658.0	3234.0
2010	12	12	HERBS&SPICES	667.0	5210.27	3237.0057999999995	1063.0	2079.0
2010	12	13	MEAT	1132.0	33397.73000000001	6637.319587	2504.0	5147.0
2010	12	14	JUICE BAR	306.0	2811.65	1552.0	612.0	787.0
2010	12	16	FISH&SEAFOOD	441.0	8275.060000000001	724.750875	746.0	927.0
2010	12	17	BAKEHOUSE	997.0	7407.159999999999	2756.0	1865.0	2487.0
2010	12	18	FLOWERS	120.0	1365.5800000000004	110666.0	138.0	159.0
2010	03	1	PACKAGED GROCERY	2181.0	96387.03999999995	37494.99	7729.0	33621.0
2010	03	2	PRODUCE	1995.0	90882.58999999997	39744.02500000001	7001.0	35181.0
2010	03	3	BULK	1541.0	35745.11000000001	9068.576284	3827.0	8387.0
2010	03	4	REF GROCERY	1887.0	47336.940000000075	18207.0	5859.0	16814.0
2010	03	5	CHEESE	1124.0	13891.460000000001	4408.327873	2517.0	4399.0
2010	03	6	FROZEN	1177.0	21361.54000000001	5906.0	2509.0	5744.0
2010	03	7	BREAD	676.0	5390.3	1689.0	1211.0	1555.0
2010	03	8	DELI	1374.0	30723.06	11151.17944	3878.0	7605.0
2010	03	9	GEN MERCH	628.0	7258.449999999999	20207.0	888.0	1180.0
2010	03	10	SUPPLEMENTS	784.0	29512.070000000003	25433.0	1221.0	1989.0
2010	03	11	PERSONAL CARE	969.0	19851.24	13629.761999999995	1556.0	2726.0
2010	03	12	HERBS&SPICES	569.0	3384.260000000001	4801.291	896.0	1503.0
2010	03	13	MEAT	1060.0	29750.92	4999.564351999999	2507.0	4986.0
2010	03	14	JUICE BAR	374.0	5052.1500000000015	1372.0	902.0	1361.0
2010	03	16	FISH&SEAFOOD	434.0	7475.170000000002	832.173064	703.0	833.0
2010	03	17	BAKEHOUSE	931.0	6959.22	2613.0	1862.0	2354.0
2010	03	18	FLOWERS	216.0	2513.02	1076.0	278.0	566.0
2010	04	1	PACKAGED GROCERY	2187.0	83253.07000000015	38578.315	7947.0	34006.0
2010	04	2	PRODUCE	1995.0	102034.60999999996	141933.09862800004	7149.0	37439.0
2010	04	3	BULK	1536.0	35517.60000000001	13208.663684000005	3797.0	8375.0
2010	04	4	REF GROCERY	1905.0	47503.16000000004	18305.0	5872.0	16889.0
2010	04	5	CHEESE	1118.0	14078.900000000005	2460.2515759999997	2491.0	4415.0
2010	04	6	FROZEN	1209.0	21308.05000000001	6160.0	2543.0	5944.0
2010	04	7	BREAD	760.0	5885.94	1827.0	1338.0	1718.0
2010	04	8	DELI	1405.0	32647.63	33024.293932	4099.0	8003.0
2010	04	9	GEN MERCH	627.0	7495.020000000002	96853.964158	897.0	1227.0
2010	04	10	SUPPLEMENTS	736.0	28693.000000000004	31704.0	1171.0	1865.0
2010	04	11	PERSONAL CARE	967.0	19751.660000000014	3850.8400000000015	1581.0	2662.0
2010	04	12	HERBS&SPICES	572.0	3485.7000000000003	3104.9850000000006	831.0	1329.0
2010	04	13	MEAT	1117.0	31454.300000000003	5788.514886000002	2555.0	5085.0
2010	04	14	JUICE BAR	400.0	5127.9900000000025	1342.0	925.0	1319.0
2010	04	16	FISH&SEAFOOD	459.0	8189.960000000002	683.9994139999999	719.0	840.0
2010	04	17	BAKEHOUSE	961.0	7189.619999999999	2680.0	1897.0	2472.0
2010	04	18	FLOWERS	295.0	4064.9999999999995	89120.0	387.0	749.0
2010	08	1	PACKAGED GROCERY	2055.0	91553.74000000017	33423.54000000001	7383.0	30048.0
2010	08	2	PRODUCE	1972.0	90467.86000000007	219109.43919900001	6949.0	31626.0
2010	08	3	BULK	1460.0	32718.940000000006	10351.502616999998	3526.0	7463.0
2010	08	4	REF GROCERY	1856.0	45088.50000000008	17224.0	5496.0	16008.0
2010	08	5	CHEESE	1121.0	14405.2	2102.119555999999	2538.0	4483.0
2010	08	6	FROZEN	1091.0	18615.50000000003	5079.0	2250.0	4888.0
2010	08	7	BREAD	712.0	5664.019999999999	1918.0	1290.0	1783.0
2010	08	8	DELI	1366.0	29651.279999999984	13816.988051000002	3779.0	7287.0
2010	08	9	GEN MERCH	588.0	6242.539999999998	165300.0	831.0	1110.0
2010	08	10	SUPPLEMENTS	697.0	26617.350000000006	34190.0	1124.0	1818.0
2010	08	11	PERSONAL CARE	906.0	18033.4	4663.669999999999	1422.0	2507.0
2010	08	12	HERBS&SPICES	521.0	3361.9599999999996	380.15000000000003	733.0	1296.0
2010	08	13	MEAT	1064.0	28636.32000000001	5334.647015999999	2533.0	4939.0
2010	08	14	JUICE BAR	378.0	3838.54	1461.0	752.0	920.0
2010	08	16	FISH&SEAFOOD	396.0	6966.909999999999	536.0079890000001	655.0	776.0
2010	08	17	BAKEHOUSE	968.0	7261.34	2835.0	1971.0	2551.0
2010	08	18	FLOWERS	98.0	948.4900000000005	66205.0	126.0	145.0
2010	11	1	PACKAGED GROCERY	2135.0	101326.90999999996	34691.119999999995	7343.0	31627.0
2010	11	2	PRODUCE	2012.0	92383.72000000006	123369.89697399999	6734.0	33445.0
2010	11	3	BULK	1571.0	37977.85	13734.160030000003	3873.0	8794.0
2010	11	4	REF GROCERY	1928.0	52277.80000000005	18297.0	5755.0	16992.0
2010	11	5	CHEESE	1158.0	14676.820000000003	2094.2034879999997	2490.0	4459.0
2010	11	6	FROZEN	1191.0	20730.380000000012	5706.0	2441.0	5547.0
2010	11	7	BREAD	672.0	5294.35	1701.0	1155.0	1573.0
2010	11	8	DELI	1347.0	29660.940000000006	13998.997912000003	3583.0	7071.0
2010	11	9	GEN MERCH	674.0	8534.240000000002	251328.0	994.0	1382.0
2010	11	10	SUPPLEMENTS	780.0	33232.450000000004	52412.0	1263.0	2171.0
2010	11	11	PERSONAL CARE	965.0	21475.540000000008	8191.35	1606.0	2751.0
2010	11	12	HERBS&SPICES	698.0	4384.309999999999	1196.687	1088.0	1985.0
2010	11	13	MEAT	1186.0	37074.06000000002	8822.608985999997	2686.0	5173.0
2010	11	14	JUICE BAR	310.0	3365.739999999999	892.0	678.0	880.0
2010	11	16	FISH&SEAFOOD	437.0	6968.899999999999	602.237189	709.0	835.0
2010	11	17	BAKEHOUSE	1028.0	7946.560000000002	2973.0	2042.0	2691.0
2010	11	18	FLOWERS	128.0	1668.4000000000005	126950.0	154.0	185.0
2010	09	1	PACKAGED GROCERY	2119.0	99230.87	33813.049999999996	7330.0	31071.0
2010	09	2	PRODUCE	1999.0	84606.13000000006	127508.82853100006	6904.0	31195.0
2010	09	3	BULK	1552.0	34914.86	9891.322483000002	3765.0	7999.0
2010	09	4	REF GROCERY	1858.0	44744.49000000001	16719.0	5499.0	15467.0
2010	09	5	CHEESE	1159.0	14949.540000000003	2138.0316809999995	2566.0	4570.0
2010	09	6	FROZEN	1153.0	19341.090000000007	5114.0	2322.0	4981.0
2010	09	7	BREAD	703.0	5596.620000000003	1793.0	1243.0	1657.0
2010	09	8	DELI	1372.0	30009.689999999995	6707.332027999999	3772.0	7315.0
2010	09	9	GEN MERCH	640.0	6774.410000000001	130662.680314	922.0	1309.0
2010	09	10	SUPPLEMENTS	726.0	28259.230000000007	29097.0	1166.0	1932.0
2010	09	11	PERSONAL CARE	953.0	20367.52	3427.809999999999	1596.0	2690.0
2010	09	12	HERBS&SPICES	567.0	3952.48	7028.1770000000015	886.0	1548.0
2010	09	13	MEAT	1126.0	32011.790000000005	6118.147190999998	2669.0	5405.0
2010	09	14	JUICE BAR	343.0	3632.620000000001	932.0	739.0	916.0
2010	09	16	FISH&SEAFOOD	416.0	7460.289999999998	592.592549	688.0	797.0
2010	09	17	BAKEHOUSE	1031.0	7661.11	2924.0	2046.0	2644.0
2010	09	18	FLOWERS	146.0	1112.0900000000001	61215.0	171.0	213.0
2010	01	1	PACKAGED GROCERY	2095.0	98016.04	36685.38	7251.0	32922.0
2010	01	2	PRODUCE	1932.0	87645.42000000006	37716.27000000001	6594.0	33689.0
2010	01	3	BULK	1586.0	37217.66000000001	10060.894999999999	3831.0	8761.0
2010	01	4	REF GROCERY	1861.0	46624.100000000035	18871.0	5653.0	17410.0
2010	01	5	CHEESE	1114.0	14782.780000000002	4605.0	2504.0	4578.0
2010	01	6	FROZEN	1188.0	22038.91000000001	6165.0	2430.0	5907.0
2010	01	7	BREAD	663.0	5475.9299999999985	1718.0	1179.0	1604.0
2010	01	8	DELI	1280.0	27441.540000000008	8600.32	3454.0	7005.0
2010	01	9	GEN MERCH	618.0	7355.03	50160.0	878.0	1177.0
2010	01	10	SUPPLEMENTS	777.0	31409.859999999997	34466.0	1295.0	2137.0
2010	01	11	PERSONAL CARE	936.0	18722.2	5561.8099999999995	1487.0	2579.0
2010	01	12	HERBS&SPICES	600.0	3380.5600000000018	896.5309999999997	904.0	1601.0
2010	01	13	MEAT	1055.0	30348.510000000002	5036.0	2500.0	5024.0
2010	01	14	JUICE BAR	321.0	3152.5	877.0	658.0	876.0
2010	01	16	FISH&SEAFOOD	405.0	6739.629999999999	767.0	651.0	767.0
2010	01	17	BAKEHOUSE	942.0	6790.5599999999995	2549.0	1818.0	2329.0
2010	01	18	FLOWERS	92.0	1062.5800000000006	132.0	110.0	119.0
2010	07	1	PACKAGED GROCERY	2047.0	88909.56000000016	31949.63	7219.0	28861.0
2010	07	2	PRODUCE	1953.0	91731.29000000002	276995.47792000003	6770.0	32760.0
2010	07	3	BULK	1439.0	31610.04999999999	9451.166797999997	3300.0	7081.0
2010	07	4	REF GROCERY	1840.0	44572.08000000004	16795.0	5381.0	15554.0
2010	07	5	CHEESE	1127.0	13590.859999999999	1955.4487960000004	2450.0	4366.0
2010	07	6	FROZEN	1051.0	17176.470000000005	4532.0	2127.0	4369.0
2010	07	7	BREAD	667.0	5290.659999999998	1744.0	1154.0	1655.0
2010	07	8	DELI	1376.0	30146.580000000005	8834.408630999998	3758.0	7453.0
2010	07	9	GEN MERCH	598.0	6597.480000000002	150044.0	857.0	1157.0
2010	07	10	SUPPLEMENTS	687.0	26033.750000000007	32472.0	1023.0	1635.0
2010	07	11	PERSONAL CARE	899.0	17944.360000000008	11240.215000000004	1435.0	2489.0
2010	07	12	HERBS&SPICES	454.0	3077.0899999999997	5377.905000000001	659.0	1087.0
2010	07	13	MEAT	1044.0	29307.340000000015	5342.354590999999	2408.0	4764.0
2010	07	14	JUICE BAR	361.0	3866.4900000000007	956.0	754.0	942.0
2010	07	16	FISH&SEAFOOD	398.0	7905.219999999999	628.016697	656.0	805.0
2010	07	17	BAKEHOUSE	935.0	6992.27	2681.0	1866.0	2456.0
2010	07	18	FLOWERS	105.0	949.5300000000003	51245.0	125.0	143.0
2010	02	1	PACKAGED GROCERY	2130.0	82488.67000000016	37741.48999999999	6913.0	33618.0
2010	02	2	PRODUCE	1902.0	76799.20000000006	33557.6	5946.0	30090.0
2010	02	3	BULK	1561.0	33553.91	8673.689999999997	3525.0	7839.0
2010	02	4	REF GROCERY	1866.0	44298.50000000004	17202.0	5328.0	15967.0
2010	02	5	CHEESE	1050.0	12526.77	3922.0	2235.0	3906.0
2010	02	6	FROZEN	1099.0	18837.630000000012	5286.0	2155.0	5128.0
2010	02	7	BREAD	651.0	5107.72	1588.0	1131.0	1465.0
2010	02	8	DELI	1294.0	27457.250000000004	9363.0	3372.0	6721.0
2010	02	9	GEN MERCH	609.0	6096.820000000001	39054.0	842.0	1141.0
2010	02	10	SUPPLEMENTS	732.0	29070.14000000001	11947.0	1143.0	1906.0
2010	02	11	PERSONAL CARE	929.0	20482.89	6103.539999999997	1443.0	2498.0
2010	02	12	HERBS&SPICES	571.0	3392.8300000000004	1116.4050000000002	848.0	1424.0
2010	02	13	MEAT	1036.0	27457.409999999996	4548.0	2277.0	4542.0
2010	02	14	JUICE BAR	305.0	3393.29	967.0	638.0	959.0
2010	02	16	FISH&SEAFOOD	410.0	6416.800000000001	747.0	629.0	747.0
2010	02	17	BAKEHOUSE	874.0	6042.129999999999	2295.0	1629.0	2070.0
2010	02	18	FLOWERS	149.0	1653.7600000000007	214.0	182.0	211.0
2010	10	1	PACKAGED GROCERY	2137.0	106260.79999999992	37173.659999999996	7785.0	33682.0
2010	10	2	PRODUCE	2002.0	86832.48000000007	103827.49745099997	6961.0	31513.0
2010	10	3	BULK	1573.0	38236.93	12911.252992000002	3919.0	8740.0
2010	10	4	REF GROCERY	1920.0	48418.860000000044	17985.0	5842.0	16657.0
2010	10	5	CHEESE	1149.0	14937.850000000006	2135.9093759999996	2635.0	4700.0
2010	10	6	FROZEN	1216.0	23326.56	5992.0	2597.0	5870.0
2010	10	7	BREAD	714.0	5752.95	1782.0	1248.0	1693.0
2010	10	8	DELI	1390.0	31621.600000000002	10237.698552	3970.0	7906.0
2010	10	9	GEN MERCH	630.0	6685.830000000002	153307.0	885.0	1172.0
2010	10	10	SUPPLEMENTS	774.0	29446.550000000007	34621.0	1251.0	2047.0
2010	10	11	PERSONAL CARE	983.0	22206.469999999998	8547.112000000001	1597.0	2720.0
2010	10	12	HERBS&SPICES	626.0	4475.12	8184.3960000000025	978.0	1754.0
2010	10	13	MEAT	1143.0	32221.99	6401.180504000001	2762.0	5635.0
2010	10	14	JUICE BAR	353.0	3639.280000000002	2963.0	725.0	950.0
2010	10	16	FISH&SEAFOOD	418.0	7090.009999999999	593.533972	691.0	837.0
2010	10	17	BAKEHOUSE	1007.0	7875.349999999999	2916.0	2059.0	2654.0
2010	10	18	FLOWERS	153.0	1357.9500000000007	91259.0	185.0	227.0
2012	06	1	PACKAGED GROCERY	2144.0	93416.1500000001	31657.11	7384.0	28682.0
2012	06	2	PRODUCE	2077.0	108289.62999999984	255813.944583	7184.0	35727.0
2012	06	3	BULK	1588.0	40051.169999999984	21532.911775000008	3709.0	7848.0
2012	06	4	REF GROCERY	1945.0	49974.64000000005	20390.0	5880.0	16531.0
2012	06	5	CHEESE	1153.0	14359.85	1936.3908669999998	2492.0	4213.0
2012	06	6	FROZEN	1175.0	20281.110000000004	5197.0	2468.0	5109.0
2012	06	7	BREAD	684.0	5248.15	1878.0	1176.0	1640.0
2012	06	8	DELI	1491.0	35135.67999999999	35723.415244	4195.0	8355.0
2012	06	9	GEN MERCH	606.0	6399.73	102187.899932	873.0	1222.0
2012	06	10	SUPPLEMENTS	656.0	25246.290000000005	6869.0	987.0	1537.0
2012	06	11	PERSONAL CARE	993.0	21502.67000000001	4391.5650000000005	1609.0	2868.0
2012	06	12	HERBS&SPICES	537.0	3184.560000000001	3468.895	737.0	1202.0
2012	06	13	MEAT	1157.0	33685.14	6496.6910769999995	2679.0	5388.0
2012	06	14	JUICE BAR	473.0	5699.159999999997	1559.0	1023.0	1381.0
2012	06	16	FISH&SEAFOOD	473.0	8396.239999999998	679.344481	762.0	930.0
2012	06	17	BAKEHOUSE	970.0	7977.26	3240.0	1927.0	2589.0
2012	06	18	FLOWERS	135.0	1317.0700000000002	99551.0	156.0	186.0
2012	05	1	PACKAGED GROCERY	2192.0	103679.68999999993	36150.03000000001	8127.0	32755.0
2012	05	2	PRODUCE	2080.0	114187.70999999988	248149.19988300002	7712.0	39367.0
2012	05	3	BULK	1622.0	41966.78999999999	20746.101715999994	4002.0	8517.0
2012	05	4	REF GROCERY	1986.0	52963.35000000006	21754.0	6292.0	17536.0
2012	05	5	CHEESE	1197.0	15357.44	2054.1194069999997	2632.0	4468.0
2012	05	6	FROZEN	1182.0	23098.440000000013	5764.0	2616.0	5572.0
2012	05	7	BREAD	715.0	5748.840000000002	1999.0	1276.0	1774.0
2012	05	8	DELI	1543.0	37411.429999999986	21098.012711	4509.0	9103.0
2012	05	9	GEN MERCH	677.0	7615.72	122228.0	1000.0	1370.0
2012	05	10	SUPPLEMENTS	713.0	28214.27	11251.0	1110.0	1721.0
2012	05	11	PERSONAL CARE	944.0	19404.02000000001	8379.800000000001	1532.0	2645.0
2012	05	12	HERBS&SPICES	568.0	3771.360000000001	6563.99	803.0	1370.0
2012	05	13	MEAT	1230.0	37597.48	7287.656468	3039.0	6117.0
2012	05	14	JUICE BAR	452.0	6111.520000000001	1640.0	1079.0	1467.0
2012	05	16	FISH&SEAFOOD	524.0	8945.7	742.2842159999998	838.0	1015.0
2012	05	17	BAKEHOUSE	1004.0	8413.649999999998	3398.0	2006.0	2694.0
2012	05	18	FLOWERS	401.0	5159.04	204934.0	560.0	903.0
2012	12	1	PACKAGED GROCERY	2133.0	108588.13999999981	34732.659999999996	7211.0	31505.0
2012	12	2	PRODUCE	1970.0	98627.15999999997	114864.96701500002	6533.0	32705.0
2012	12	3	BULK	1555.0	45362.970000000016	19489.82891399999	3774.0	8583.0
2012	12	4	REF GROCERY	1868.0	52780.070000000065	19983.0	5659.0	15877.0
2012	12	5	CHEESE	1100.0	16404.139999999996	2111.7789660000003	2376.0	4712.0
2012	12	6	FROZEN	1154.0	20887.740000000016	5347.85	2324.0	5165.0
2012	12	7	BREAD	573.0	4951.220000000001	1643.0	1009.0	1431.0
2012	12	8	DELI	1340.0	30662.56	19701.623494000003	3535.0	7094.0
2012	12	9	GEN MERCH	834.0	14514.520000000002	286310.53668	1315.0	2038.0
2012	12	10	SUPPLEMENTS	702.0	27175.500000000004	16916.0	1099.0	1834.0
2012	12	11	PERSONAL CARE	992.0	23361.110000000015	9142.785	1612.0	3230.0
2012	12	12	HERBS&SPICES	713.0	4799.24	4331.174500000002	1073.0	1976.0
2012	12	13	MEAT	1146.0	40405.649999999994	7572.192441000001	2735.0	5524.0
2012	12	14	JUICE BAR	368.0	4638.539999999999	1202.0	810.0	1047.0
2012	12	16	FISH&SEAFOOD	434.0	7738.1900000000005	642.4142709999999	675.0	837.0
2012	12	17	BAKEHOUSE	952.0	8858.17	3347.0	1885.0	2573.0
2012	12	18	FLOWERS	124.0	1647.8100000000006	140925.0	142.0	166.0
2012	03	1	PACKAGED GROCERY	2155.0	104478.05999999987	35889.78	7917.0	32336.0
2012	03	2	PRODUCE	2089.0	100312.65999999995	142496.51406699995	7518.0	38710.0
2012	03	3	BULK	1572.0	42529.38000000003	11835.889828999996	3969.0	8652.0
2012	03	4	REF GROCERY	1970.0	53918.740000000034	22580.0	6182.0	17630.0
2012	03	5	CHEESE	1146.0	15125.29	2071.6443120000004	2570.0	4380.0
2012	03	6	FROZEN	1219.0	23661.91000000003	6105.0	2643.0	5854.0
2012	03	7	BREAD	686.0	5384.059999999998	1797.0	1187.0	1588.0
2012	03	8	DELI	1475.0	35108.009999999995	25361.76337	4283.0	8567.0
2012	03	9	GEN MERCH	626.0	7075.01	99858.98824199999	897.0	1189.0
2012	03	10	SUPPLEMENTS	721.0	29532.420000000013	69932.0	1161.0	1858.0
2012	03	11	PERSONAL CARE	938.0	20827.19000000001	7253.820000000001	1538.0	2660.0
2012	03	12	HERBS&SPICES	614.0	3475.570000000001	191.66500000000002	895.0	1516.0
2012	03	13	MEAT	1174.0	37160.85000000001	7029.685256999998	2916.0	5797.0
2012	03	14	JUICE BAR	442.0	5651.15	2202.0	1033.0	1337.0
2012	03	16	FISH&SEAFOOD	495.0	9030.100000000002	763.964989	789.0	986.0
2012	03	17	BAKEHOUSE	1007.0	8287.099999999999	3299.0	2012.0	2594.0
2012	03	18	FLOWERS	247.0	3163.8300000000004	144889.0	308.0	673.0
2012	04	1	PACKAGED GROCERY	2211.0	103125.40999999997	35030.22499999999	7857.0	31671.0
2012	04	2	PRODUCE	2123.0	104705.5399999999	194766.06565199993	7483.0	38993.0
2012	04	3	BULK	1649.0	43193.22	11839.005962000005	4080.0	8779.0
2012	04	4	REF GROCERY	2004.0	55070.58000000005	23261.0	6228.0	18027.0
2012	04	5	CHEESE	1176.0	15410.720000000003	2093.362607	2583.0	4412.0
2012	04	6	FROZEN	1258.0	25079.990000000016	6630.0	2717.0	6439.0
2012	04	7	BREAD	717.0	5815.679999999999	1915.0	1309.0	1718.0
2012	04	8	DELI	1470.0	35247.04999999999	37271.15149599999	4268.0	8316.0
2012	04	9	GEN MERCH	665.0	7268.82	112730.18380799999	919.0	1259.0
2012	04	10	SUPPLEMENTS	719.0	28820.10000000001	66480.0	1126.0	1797.0
2012	04	11	PERSONAL CARE	957.0	22825.91	9996.584999999997	1562.0	2685.0
2012	04	12	HERBS&SPICES	571.0	3447.329999999999	514.8820000000001	829.0	1395.0
2012	04	13	MEAT	1201.0	38570.78000000002	7206.854682000001	2951.0	5748.0
2012	04	14	JUICE BAR	447.0	5836.859999999999	1871.0	1036.0	1406.0
2012	04	16	FISH&SEAFOOD	482.0	8649.630000000001	728.674599	799.0	973.0
2012	04	17	BAKEHOUSE	1015.0	8031.519999999999	3250.0	2020.0	2633.0
2012	04	18	FLOWERS	299.0	3436.5599999999995	203200.0	381.0	618.0
2012	08	1	PACKAGED GROCERY	2188.0	92796.01000000008	31072.6991	7430.0	28544.0
2012	08	2	PRODUCE	2075.0	97978.29999999994	154376.700961	6974.0	31511.0
2012	08	3	BULK	1572.0	38584.40999999999	13243.253920000006	3604.0	7718.0
2012	08	4	REF GROCERY	1945.0	48590.010000000046	18767.0	5732.0	15398.0
2012	08	5	CHEESE	1181.0	15414.499999999996	2026.959079	2527.0	4566.0
2012	08	6	FROZEN	1101.0	18047.440000000006	4452.0	2147.0	4367.0
2012	08	7	BREAD	671.0	5022.030000000001	1731.0	1145.0	1588.0
2012	08	8	DELI	1464.0	33055.17	27855.57544200002	4018.0	8056.0
2012	08	9	GEN MERCH	694.0	7634.800000000001	77772.937034	994.0	1362.0
2012	08	10	SUPPLEMENTS	670.0	25704.830000000005	23603.0	1006.0	1620.0
2012	08	11	PERSONAL CARE	896.0	17806.040000000005	5118.570000000001	1389.0	2486.0
2012	08	12	HERBS&SPICES	534.0	3360.1599999999994	4065.3100000000004	759.0	1253.0
2012	08	13	MEAT	1198.0	34125.15	6498.431931	2709.0	5346.0
2012	08	14	JUICE BAR	446.0	5232.96	1445.0	965.0	1231.0
2012	08	16	FISH&SEAFOOD	420.0	6911.290000000001	585.1937880000002	641.0	784.0
2012	08	17	BAKEHOUSE	981.0	8015.510000000002	3241.0	1914.0	2554.0
2012	08	18	FLOWERS	102.0	983.0700000000007	73127.0	125.0	134.0
2012	11	1	PACKAGED GROCERY	2159.0	102896.67999999993	34292.23	7266.0	31404.0
2012	11	2	PRODUCE	2016.0	100329.06999999993	108339.89583499999	6638.0	32724.0
2012	11	3	BULK	1585.0	41093.49000000001	18045.837636	3785.0	8134.0
2012	11	4	REF GROCERY	1903.0	51072.67000000003	19704.0	5633.0	15574.0
2012	11	5	CHEESE	1092.0	13789.1	1792.3262999999997	2307.0	4126.0
2012	11	6	FROZEN	1202.0	21700.49000000002	5729.0	2416.0	5519.0
2012	11	7	BREAD	627.0	5136.56	1654.0	1076.0	1486.0
2012	11	8	DELI	1401.0	32260.859999999993	33739.052920999995	3755.0	7595.0
2012	11	9	GEN MERCH	720.0	10107.620000000003	194586.72067	1059.0	1499.0
2012	11	10	SUPPLEMENTS	696.0	26865.95	26406.0	1060.0	1732.0
2012	11	11	PERSONAL CARE	940.0	19888.63	11784.239999999998	1504.0	2742.0
2012	11	12	HERBS&SPICES	689.0	4284.679999999999	1065.445	1032.0	1879.0
2012	11	13	MEAT	1178.0	41326.92	9367.612503000002	2732.0	5314.0
2012	11	14	JUICE BAR	362.0	4204.25	1144.0	763.0	973.0
2012	11	16	FISH&SEAFOOD	397.0	6586.960000000001	548.7676139999999	610.0	736.0
2012	11	17	BAKEHOUSE	975.0	8696.769999999999	3373.0	1946.0	2661.0
2012	11	18	FLOWERS	127.0	1666.450000000001	135471.0	137.0	162.0
2012	09	1	PACKAGED GROCERY	2165.0	99997.84000000001	33542.84	7532.0	30579.0
2012	09	2	PRODUCE	2051.0	93448.32999999993	133872.84974199996	6895.0	31406.0
2012	09	3	BULK	1569.0	39952.57000000001	13032.611160999999	3650.0	7792.0
2012	09	4	REF GROCERY	1924.0	49939.550000000076	20258.0	5824.0	16312.0
2012	09	5	CHEESE	1139.0	14968.119999999997	1990.9489979999998	2551.0	4501.0
2012	09	6	FROZEN	1119.0	20050.060000000016	5100.0	2310.0	4968.0
2012	09	7	BREAD	684.0	5412.459999999999	1877.0	1205.0	1664.0
2012	09	8	DELI	1451.0	32208.35999999999	25498.912088999994	3922.0	7809.0
2012	09	9	GEN MERCH	662.0	7884.980000000001	125577.529125	950.0	1327.0
2012	09	10	SUPPLEMENTS	713.0	28381.840000000004	1669.0	1144.0	1839.0
2012	09	11	PERSONAL CARE	941.0	19273.580000000005	6460.410000000001	1485.0	2587.0
2012	09	12	HERBS&SPICES	575.0	3810.6100000000006	5230.423000000004	848.0	1469.0
2012	09	13	MEAT	1197.0	36004.24	7313.439401999998	2837.0	5706.0
2012	09	14	JUICE BAR	448.0	5035.639999999999	1403.0	932.0	1179.0
2012	09	16	FISH&SEAFOOD	415.0	6959.509999999998	567.4479019999999	653.0	803.0
2012	09	17	BAKEHOUSE	985.0	8321.749999999998	3343.0	1961.0	2603.0
2012	09	18	FLOWERS	131.0	1067.1300000000003	62417.0	146.0	189.0
2012	01	1	PACKAGED GROCERY	2138.0	105655.2	35394.21000000001	7560.0	32254.0
2012	01	2	PRODUCE	2009.0	101854.19999999991	128336.945412	7159.0	36892.0
2012	01	3	BULK	1601.0	41285.91999999999	9196.308913	3971.0	8749.0
2012	01	4	REF GROCERY	1932.0	53583.81000000004	22936.0	5986.0	17235.0
2012	01	5	CHEESE	1148.0	15053.389999999998	2099.264537	2503.0	4342.0
2012	01	6	FROZEN	1202.0	22250.40000000002	5906.0	2517.0	5675.0
2012	01	7	BREAD	684.0	5395.579999999999	1767.0	1214.0	1599.0
2012	01	8	DELI	1357.0	31401.329999999998	19651.048961999993	3784.0	7608.0
2012	01	9	GEN MERCH	670.0	6897.629999999999	102277.386265	944.0	1236.0
2012	01	10	SUPPLEMENTS	785.0	30017.660000000007	20235.0	1261.0	2033.0
2012	01	11	PERSONAL CARE	971.0	20845.12000000001	11088.36	1619.0	2756.0
2012	01	12	HERBS&SPICES	650.0	3533.690000000001	1294.8179999999995	967.0	1591.0
2012	01	13	MEAT	1186.0	36054.60999999999	7192.214917000001	3010.0	5877.0
2012	01	14	JUICE BAR	376.0	4086.01	1154.0	806.0	1051.0
2012	01	16	FISH&SEAFOOD	438.0	8081.290000000001	687.6288429999998	739.0	931.0
2012	01	17	BAKEHOUSE	967.0	7967.429999999999	3159.0	1983.0	2570.0
2012	01	18	FLOWERS	103.0	1358.0100000000007	109465.0	126.0	145.0
2012	07	1	PACKAGED GROCERY	2130.0	95659.45000000013	32380.860000000004	7566.0	29716.0
2012	07	2	PRODUCE	2068.0	107323.32999999987	247638.899518	7246.0	35064.0
2012	07	3	BULK	1535.0	37997.37	11658.297709999999	3620.0	7378.0
2012	07	4	REF GROCERY	1908.0	48465.49000000006	19347.0	5755.0	15635.0
2012	07	5	CHEESE	1178.0	15058.519999999995	2030.5776429999994	2510.0	4437.0
2012	07	6	FROZEN	1124.0	19143.320000000018	5016.0	2353.0	4859.0
2012	07	7	BREAD	655.0	5160.94	1776.0	1147.0	1583.0
2012	07	8	DELI	1443.0	32941.349999999984	17039.023534000004	4044.0	7927.0
2012	07	9	GEN MERCH	661.0	7450.859999999997	153250.12188000002	955.0	1283.0
2012	07	10	SUPPLEMENTS	630.0	25583.76000000001	15488.0	1006.0	1629.0
2012	07	11	PERSONAL CARE	896.0	18536.250000000004	6429.38	1458.0	2515.0
2012	07	12	HERBS&SPICES	498.0	3071.1000000000004	2784.420000000001	723.0	1224.0
2012	07	13	MEAT	1192.0	34665.110000000015	6472.888386000003	2718.0	5452.0
2012	07	14	JUICE BAR	472.0	5990.469999999999	2516.0	1047.0	1421.0
2012	07	16	FISH&SEAFOOD	446.0	7866.280000000001	651.989198	739.0	886.0
2012	07	17	BAKEHOUSE	1004.0	8098.28	3311.0	1984.0	2618.0
2012	07	18	FLOWERS	96.0	996.0400000000004	65898.0	120.0	131.0
2012	02	1	PACKAGED GROCERY	2140.0	98893.86000000002	33918.229999999996	7248.0	30857.0
2012	02	2	PRODUCE	1985.0	95285.00999999997	147219.196204	6749.0	34819.0
2012	02	3	BULK	1543.0	40344.929999999986	12624.497384000002	3750.0	8328.0
2012	02	4	REF GROCERY	1915.0	50756.52000000002	22025.0	5736.0	16505.0
2012	02	5	CHEESE	1089.0	14413.74	1946.1938120000002	2369.0	4022.0
2012	02	6	FROZEN	1168.0	21390.830000000013	5259.0	2396.0	5095.0
2012	02	7	BREAD	652.0	4947.850000000001	1622.0	1106.0	1456.0
2012	02	8	DELI	1383.0	31961.230000000003	27274.206254000004	3779.0	7631.0
2012	02	9	GEN MERCH	603.0	6579.889999999999	105177.386266	861.0	1162.0
2012	02	10	SUPPLEMENTS	709.0	27451.45000000001	18672.0	1105.0	1793.0
2012	02	11	PERSONAL CARE	884.0	18392.65000000001	2423.8600000000006	1378.0	2418.0
2012	02	12	HERBS&SPICES	641.0	3378.19	202.29399999999993	916.0	1547.0
2012	02	13	MEAT	1160.0	34020.47000000001	6994.8738379999995	2805.0	5444.0
2012	02	14	JUICE BAR	373.0	4459.27	1140.0	839.0	1063.0
2012	02	16	FISH&SEAFOOD	458.0	7516.010000000003	653.637564	723.0	879.0
2012	02	17	BAKEHOUSE	937.0	7349.42	2912.0	1794.0	2322.0
2012	02	18	FLOWERS	179.0	2373.7	185302.0	213.0	275.0
2012	10	1	PACKAGED GROCERY	2194.0	105945.10999999997	35075.420000000006	7551.0	32174.0
2012	10	2	PRODUCE	2044.0	92501.43999999997	98435.18083199998	6891.0	31443.0
2012	10	3	BULK	1567.0	42747.57	16314.076214999997	3801.0	8238.0
2012	10	4	REF GROCERY	1921.0	50138.85000000001	19724.0	5753.0	15781.0
2012	10	5	CHEESE	1147.0	14207.73	1884.4240289999998	2496.0	4352.0
2012	10	6	FROZEN	1222.0	22515.080000000013	5589.0	2529.0	5442.0
2012	10	7	BREAD	613.0	5281.22	1728.0	1127.0	1544.0
2012	10	8	DELI	1409.0	32195.569999999992	26602.242105999987	3883.0	7696.0
2012	10	9	GEN MERCH	684.0	8779.310000000001	166445.023838	990.0	1342.0
2012	10	10	SUPPLEMENTS	749.0	29387.230000000003	52068.0	1164.0	1955.0
2012	10	11	PERSONAL CARE	968.0	20599.310000000005	7357.215000000002	1535.0	2711.0
2012	10	12	HERBS&SPICES	657.0	4162.449999999999	4208.8020000000015	979.0	1702.0
2012	10	13	MEAT	1205.0	37141.13000000001	7330.101554999999	2892.0	5838.0
2012	10	14	JUICE BAR	411.0	4744.910000000001	1316.0	881.0	1138.0
2012	10	16	FISH&SEAFOOD	431.0	6514.499999999997	542.8348900000001	649.0	806.0
2012	10	17	BAKEHOUSE	1043.0	8559.480000000001	3386.0	2026.0	2651.0
2012	10	18	FLOWERS	98.0	1005.0700000000005	81646.94	115.0	132.0
2011	06	1	PACKAGED GROCERY	2089.0	90519.35000000006	31468.079999999998	7187.0	28714.0
2011	06	2	PRODUCE	2004.0	95160.97999999997	267685.14241599996	6766.0	33490.0
2011	06	3	BULK	1504.0	36183.85	12487.136231999999	3475.0	7508.0
2011	06	4	REF GROCERY	1853.0	44239.77000000003	15723.0	5406.0	14681.0
2011	06	5	CHEESE	1089.0	13302.240000000002	1846.036118	2315.0	3928.0
2011	06	6	FROZEN	1099.0	18320.520000000004	4697.0	2211.0	4555.0
2011	06	7	BREAD	665.0	5085.75	1778.0	1129.0	1620.0
2011	06	8	DELI	1385.0	31502.91	42319.07810099999	3869.0	7568.0
2011	06	9	GEN MERCH	600.0	5975.01	109814.0	858.0	1178.0
2011	06	10	SUPPLEMENTS	680.0	25305.899999999998	5604.0	1055.0	1740.0
2011	06	11	PERSONAL CARE	943.0	19306.47	21038.555	1511.0	2706.0
2011	06	12	HERBS&SPICES	450.0	2861.03	3612.4099999999994	642.0	1055.0
2011	06	13	MEAT	1092.0	30719.390000000007	5705.475774999999	2552.0	4950.0
2011	06	14	JUICE BAR	397.0	4557.75	2832.0	906.0	1171.0
2011	06	16	FISH&SEAFOOD	440.0	8022.249999999999	583.3915920000001	709.0	831.0
2011	06	17	BAKEHOUSE	935.0	6507.72	2500.0	1782.0	2280.0
2011	06	18	FLOWERS	135.0	1288.33	93227.0	162.0	219.0
2011	05	1	PACKAGED GROCERY	2132.0	97741.80000000003	34579.16999999999	7700.0	31339.0
2011	05	2	PRODUCE	2034.0	105389.99999999999	236183.57420399995	7183.0	36935.0
2011	05	3	BULK	1560.0	38979.810000000005	16437.516414	3833.0	8294.0
2011	05	4	REF GROCERY	1916.0	50206.570000000036	17821.0	5776.0	16748.0
2011	05	5	CHEESE	1145.0	14714.15	2008.8205519999992	2515.0	4331.0
2011	05	6	FROZEN	1224.0	23171.150000000012	6060.0	2571.0	5906.0
2011	05	7	BREAD	723.0	5916.999999999995	1917.0	1294.0	1751.0
2011	05	8	DELI	1429.0	32788.73999999999	26938.983539999997	4060.0	7988.0
2011	05	9	GEN MERCH	610.0	6896.7599999999975	169367.0	887.0	1155.0
2011	05	10	SUPPLEMENTS	695.0	28679.370000000006	33297.0	1202.0	1921.0
2011	05	11	PERSONAL CARE	934.0	19208.56	7140.064999999999	1511.0	2691.0
2011	05	12	HERBS&SPICES	534.0	3431.9400000000005	203.88900000000007	777.0	1269.0
2011	05	13	MEAT	1187.0	35524.56000000001	6682.431264000001	2821.0	5742.0
2011	05	14	JUICE BAR	411.0	4914.860000000001	1286.0	994.0	1271.0
2011	05	16	FISH&SEAFOOD	458.0	8030.410000000003	647.560098	735.0	889.0
2011	05	17	BAKEHOUSE	1043.0	7651.480000000001	2902.0	2021.0	2601.0
2011	05	18	FLOWERS	376.0	4483.03	149178.0	487.0	811.0
2011	12	1	PACKAGED GROCERY	2128.0	107769.51999999984	35968.520000000004	7404.0	32711.0
2011	12	2	PRODUCE	1996.0	99269.20999999995	128312.72295199998	6729.0	33783.0
2011	12	3	BULK	1595.0	44580.76	15892.954580999998	3904.0	8782.0
2011	12	4	REF GROCERY	1899.0	52699.410000000054	19061.0	5750.0	16696.0
2011	12	5	CHEESE	1139.0	15668.680000000002	2221.0553079999995	2468.0	4514.0
2011	12	6	FROZEN	1178.0	21285.590000000015	5598.0	2377.0	5400.0
2011	12	7	BREAD	626.0	5039.019999999999	1641.0	1075.0	1435.0
2011	12	8	DELI	1353.0	29533.989999999994	15447.771959000002	3547.0	6974.0
2011	12	9	GEN MERCH	850.0	14213.019999999999	284166.901285	1314.0	2024.0
2011	12	10	SUPPLEMENTS	698.0	26298.640000000003	11158.0	1110.0	1797.0
2011	12	11	PERSONAL CARE	1010.0	22562.10000000001	12433.229999999998	1635.0	3119.0
2011	12	12	HERBS&SPICES	727.0	4836.2	329.9879999999999	1124.0	2086.0
2011	12	13	MEAT	1147.0	38227.76000000002	7347.190161	2780.0	5603.0
2011	12	14	JUICE BAR	350.0	3679.389999999999	1484.0	744.0	965.0
2011	12	16	FISH&SEAFOOD	443.0	8502.39	712.080597	718.0	910.0
2011	12	17	BAKEHOUSE	1030.0	7961.95	2875.0	1995.0	2582.0
2011	12	18	FLOWERS	147.0	1826.7600000000011	139652.72	165.0	189.0
2011	03	1	PACKAGED GROCERY	2128.0	99467.05000000008	34836.16	7200.0	31549.0
2011	03	2	PRODUCE	1977.0	88970.46000000002	122500.29692200001	6688.0	34417.0
2011	03	3	BULK	1592.0	37002.090000000004	14624.423366999998	3806.0	8332.0
2011	03	4	REF GROCERY	1876.0	47602.20000000004	16686.0	5491.0	15676.0
2011	03	5	CHEESE	1115.0	13732.790000000003	1974.7071760000001	2382.0	4145.0
2011	03	6	FROZEN	1194.0	22367.250000000007	6099.0	2468.0	5945.0
2011	03	7	BREAD	650.0	5093.88	1696.0	1112.0	1550.0
2011	03	8	DELI	1378.0	31332.14999999999	8422.097831	3779.0	7633.0
2011	03	9	GEN MERCH	592.0	6545.120000000001	123659.0	840.0	1130.0
2011	03	10	SUPPLEMENTS	800.0	32498.840000000007	24550.0	1297.0	2236.0
2011	03	11	PERSONAL CARE	928.0	20755.03	5504.169999999998	1533.0	2724.0
2011	03	12	HERBS&SPICES	584.0	3878.3700000000003	917.9019999999999	895.0	1568.0
2011	03	13	MEAT	1138.0	29830.220000000012	5933.515965999999	2586.0	5029.0
2011	03	14	JUICE BAR	343.0	4016.7999999999997	1060.0	781.0	1050.0
2011	03	16	FISH&SEAFOOD	434.0	7759.960000000005	627.991074	700.0	831.0
2011	03	17	BAKEHOUSE	978.0	6983.42	2670.0	1879.0	2442.0
2011	03	18	FLOWERS	233.0	2502.0300000000007	136299.0	281.0	533.0
2011	04	1	PACKAGED GROCERY	2183.0	102908.19999999992	35526.38	7595.0	32257.0
2011	04	2	PRODUCE	2050.0	100112.28000000001	148899.75157600004	7064.0	36939.0
2011	04	3	BULK	1598.0	39695.31	10516.504281999998	3907.0	8674.0
2011	04	4	REF GROCERY	1934.0	51669.900000000074	17923.0	5766.0	16791.0
2011	04	5	CHEESE	1161.0	14651.689999999999	2081.593786	2563.0	4359.0
2011	04	6	FROZEN	1254.0	23869.380000000037	6598.0	2660.0	6374.0
2011	04	7	BREAD	708.0	5566.8200000000015	1742.0	1212.0	1628.0
2011	04	8	DELI	1439.0	32201.72000000001	14592.872640000001	4011.0	7932.0
2011	04	9	GEN MERCH	633.0	5931.1500000000015	130652.0	860.0	1183.0
2011	04	10	SUPPLEMENTS	732.0	28416.850000000006	17078.0	1199.0	1940.0
2011	04	11	PERSONAL CARE	956.0	21976.920000000013	7933.545	1546.0	2736.0
2011	04	12	HERBS&SPICES	573.0	3705.0899999999983	2020.7160000000003	838.0	1457.0
2011	04	13	MEAT	1185.0	34345.470000000016	6585.500914000002	2642.0	5285.0
2011	04	14	JUICE BAR	393.0	3898.7599999999998	1400.0	813.0	1035.0
2011	04	16	FISH&SEAFOOD	492.0	8345.230000000001	723.5885950000002	803.0	938.0
2011	04	17	BAKEHOUSE	979.0	6952.089999999999	2672.0	1905.0	2437.0
2011	04	18	FLOWERS	304.0	3840.6799999999994	226514.0	407.0	633.0
2011	08	1	PACKAGED GROCERY	2060.0	88937.0200000001	30880.17	7309.0	27987.0
2011	08	2	PRODUCE	1970.0	95378.35999999997	216629.75312900002	6902.0	31832.0
2011	08	3	BULK	1515.0	36493.3	13260.570055999999	3534.0	7440.0
2011	08	4	REF GROCERY	1849.0	46038.500000000044	16165.0	5480.0	15005.0
2011	08	5	CHEESE	1131.0	14972.940000000004	2008.3756359999998	2449.0	4199.0
2011	08	6	FROZEN	1112.0	19858.770000000004	5244.0	2350.0	5125.0
2011	08	7	BREAD	641.0	4729.759999999999	1662.0	1080.0	1480.0
2011	08	8	DELI	1420.0	32012.249999999996	14341.547972	3961.0	7734.0
2011	08	9	GEN MERCH	640.0	6662.839999999999	124416.0	895.0	1240.0
2011	08	10	SUPPLEMENTS	676.0	26447.790000000005	49468.0	1064.0	1686.0
2011	08	11	PERSONAL CARE	885.0	18762.65	5153.885	1405.0	2426.0
2011	08	12	HERBS&SPICES	483.0	3076.68	2730.9030000000002	687.0	1168.0
2011	08	13	MEAT	1124.0	31590.970000000005	5861.679108	2593.0	4975.0
2011	08	14	JUICE BAR	380.0	5336.8899999999985	4543.0	1001.0	1343.0
2011	08	16	FISH&SEAFOOD	446.0	7318.45	600.0954640000001	702.0	838.0
2011	08	17	BAKEHOUSE	944.0	6690.08	2610.0	1865.0	2393.0
2011	08	18	FLOWERS	91.0	877.2600000000004	64340.0	103.0	118.0
2011	11	1	PACKAGED GROCERY	2128.0	105665.6799999998	35257.84	7311.0	32467.0
2011	11	2	PRODUCE	1981.0	98310.93999999997	130193.39359799997	6656.0	32388.0
2011	11	3	BULK	1577.0	41102.15	12227.864075000003	3772.0	8193.0
2011	11	4	REF GROCERY	1902.0	51879.500000000095	18127.0	5722.0	16657.0
2011	11	5	CHEESE	1115.0	15141.089999999995	2063.2234940000003	2450.0	4345.0
2011	11	6	FROZEN	1217.0	23002.770000000008	6059.0	2463.0	5796.0
2011	11	7	BREAD	678.0	5144.85	1744.0	1130.0	1562.0
2011	11	8	DELI	1366.0	30268.15	17301.986711999998	3648.0	7242.0
2011	11	9	GEN MERCH	702.0	8640.589999999998	130058.386265	978.0	1372.0
2011	11	10	SUPPLEMENTS	728.0	27816.379999999892	33452.0	1102.0	1813.0
2011	11	11	PERSONAL CARE	914.0	19320.090000000004	371.3199999999993	1453.0	2532.0
2011	11	12	HERBS&SPICES	719.0	4167.420000000002	283.80039999999997	1090.0	1993.0
2011	11	13	MEAT	1181.0	40077.01000000001	9559.096972	2833.0	5543.0
2011	11	14	JUICE BAR	350.0	3684.4899999999993	1728.0	727.0	935.0
2011	11	16	FISH&SEAFOOD	388.0	6324.349999999999	559.4922069999999	614.0	744.0
2011	11	17	BAKEHOUSE	977.0	7330.509999999999	2693.0	1928.0	2470.0
2011	11	18	FLOWERS	134.0	1733.140000000001	131976.91999999998	154.0	195.0
2011	09	1	PACKAGED GROCERY	2081.0	95883.14	33855.56999999999	7259.0	30698.0
2011	09	2	PRODUCE	1982.0	87981.25000000004	155491.22625299997	6624.0	29583.0
2011	09	3	BULK	1511.0	38212.35	17669.682656000004	3592.0	7667.0
2011	09	4	REF GROCERY	1894.0	47349.27000000004	17120.0	5553.0	15894.0
2011	09	5	CHEESE	1171.0	14770.709999999997	2090.0216719999994	2451.0	4269.0
2011	09	6	FROZEN	1108.0	19885.180000000004	5210.0	2230.0	5065.0
2011	09	7	BREAD	661.0	5044.44	1709.0	1136.0	1569.0
2011	09	8	DELI	1386.0	30514.43	16446.070039000002	3797.0	7527.0
2011	09	9	GEN MERCH	671.0	7804.6900000000005	110062.0	945.0	1330.0
2011	09	10	SUPPLEMENTS	706.0	27378.570000000003	32387.0	1143.0	1893.0
2011	09	11	PERSONAL CARE	889.0	18318.88	5342.140000000001	1394.0	2421.0
2011	09	12	HERBS&SPICES	567.0	3605.4599999999996	231.812	824.0	1468.0
2011	09	13	MEAT	1167.0	33831.01000000001	6448.405487	2726.0	5504.0
2011	09	14	JUICE BAR	378.0	4225.17	1448.0	848.0	1081.0
2011	09	16	FISH&SEAFOOD	411.0	6641.27	555.087811	644.0	772.0
2011	09	17	BAKEHOUSE	927.0	6924.460000000001	2612.0	1864.0	2378.0
2011	09	18	FLOWERS	114.0	1114.2600000000002	73761.0	135.0	165.0
2011	01	1	PACKAGED GROCERY	2067.0	101078.16	35207.07	7105.0	31957.0
2011	01	2	PRODUCE	1942.0	89802.5500000001	108137.13008500003	6574.0	33832.0
2011	01	3	BULK	1552.0	38015.45000000001	12830.704749999999	3824.0	8746.0
2011	01	4	REF GROCERY	1855.0	49341.850000000064	17896.0	5650.0	16705.0
2011	01	5	CHEESE	1132.0	14896.599999999999	2106.868337	2530.0	4500.0
2011	01	6	FROZEN	1159.0	21354.42000000001	5936.0	2402.0	5833.0
2011	01	7	BREAD	695.0	5495.540000000001	1820.0	1204.0	1635.0
2011	01	8	DELI	1305.0	28170.469999999994	10562.743707999998	3407.0	6813.0
2011	01	9	GEN MERCH	622.0	7034.600000000001	163988.718718	870.0	1140.0
2011	01	10	SUPPLEMENTS	783.0	31420.380000000005	10932.0	1315.0	2276.0
2011	01	11	PERSONAL CARE	982.0	20990.70000000001	7953.349999999999	1580.0	2800.0
2011	01	12	HERBS&SPICES	658.0	5014.960000000003	1158.8649999999998	1011.0	1814.0
2011	01	13	MEAT	1136.0	32166.28000000001	6404.123704999998	2675.0	5159.0
2011	01	14	JUICE BAR	335.0	3583.609999999999	962.0	708.0	924.0
2011	01	16	FISH&SEAFOOD	435.0	7563.089999999999	643.548988	730.0	868.0
2011	01	17	BAKEHOUSE	999.0	7380.730000000001	2821.0	1985.0	2534.0
2011	01	18	FLOWERS	93.0	960.7800000000004	72142.0	107.0	119.0
2011	07	1	PACKAGED GROCERY	2060.0	87779.34000000014	30474.899999999994	7138.0	27621.0
2011	07	2	PRODUCE	1948.0	93187.58000000002	274947.231443	6771.0	32985.0
2011	07	3	BULK	1430.0	33990.329999999994	10616.259722	3350.0	6907.0
2011	07	4	REF GROCERY	1825.0	44483.80000000004	15767.0	5446.0	14765.0
2011	07	5	CHEESE	1102.0	14125.980000000005	1885.0765190000002	2369.0	4181.0
2011	07	6	FROZEN	1137.0	20363.140000000007	5399.0	2394.0	5185.0
2011	07	7	BREAD	678.0	4987.410000000001	1784.0	1138.0	1637.0
2011	07	8	DELI	1402.0	31231.479999999945	23505.80608099999	3918.0	7576.0
2011	07	9	GEN MERCH	595.0	5962.4800000000005	139394.0	793.0	1077.0
2011	07	10	SUPPLEMENTS	658.0	26628.350000000002	25089.0	1068.0	1724.0
2011	07	11	PERSONAL CARE	898.0	19213.57	3902.6899999999996	1470.0	2529.0
2011	07	12	HERBS&SPICES	491.0	3061.800000000001	268.3103000000001	706.0	1151.0
2011	07	13	MEAT	1114.0	32220.870000000006	6146.206848999999	2597.0	5242.0
2011	07	14	JUICE BAR	390.0	5061.41	5232.0	922.0	1216.0
2011	07	16	FISH&SEAFOOD	431.0	7532.62	591.7373450000001	703.0	825.0
2011	07	17	BAKEHOUSE	954.0	6716.0199999999995	2569.0	1818.0	2354.0
2011	07	18	FLOWERS	82.0	715.3100000000003	50199.0	96.0	111.0
2011	02	1	PACKAGED GROCERY	2044.0	94513.91000000005	33167.87	6477.0	30042.0
2011	02	2	PRODUCE	1934.0	83636.26000000008	117389.66986200005	6054.0	32515.0
2011	02	3	BULK	1509.0	35326.509999999995	9385.558680000002	3463.0	7916.0
2011	02	4	REF GROCERY	1846.0	45937.76000000004	16433.0	5179.0	15462.0
2011	02	5	CHEESE	1102.0	13748.670000000006	1899.2056	2307.0	4174.0
2011	02	6	FROZEN	1160.0	19985.020000000008	5250.76	2294.0	5116.0
2011	02	7	BREAD	636.0	4775.340000000001	1524.0	1005.0	1393.0
2011	02	8	DELI	1281.0	26791.509999999995	8015.334121999999	3240.0	6506.0
2011	02	9	GEN MERCH	627.0	5882.7300000000005	117859.0	874.0	1152.0
2011	02	10	SUPPLEMENTS	715.0	26794.280000000002	31873.0	1159.0	1867.0
2011	02	11	PERSONAL CARE	898.0	19298.720000000005	8402.335	1390.0	2488.0
2011	02	12	HERBS&SPICES	596.0	4340.400000000001	291.48049999999995	913.0	1533.0
2011	02	13	MEAT	1086.0	30403.360000000008	5930.192411000001	2430.0	4894.0
2011	02	14	JUICE BAR	324.0	3514.51	4930.0	705.0	925.0
2011	02	16	FISH&SEAFOOD	396.0	6233.4299999999985	544.596851	642.0	763.0
2011	02	17	BAKEHOUSE	933.0	6626.99	2546.0	1777.0	2322.0
2011	02	18	FLOWERS	194.0	2275.300000000001	147906.0	218.0	298.0
2011	10	1	PACKAGED GROCERY	2130.0	104108.02999999984	34929.64000000001	7474.0	32016.0
2011	10	2	PRODUCE	1982.0	90078.63999999997	125385.98494399998	6728.0	30691.0
2011	10	3	BULK	1542.0	40046.42999999999	10938.693285999996	3778.0	8419.0
2011	10	4	REF GROCERY	1914.0	50964.45000000003	17721.0	5820.0	16427.0
2011	10	5	CHEESE	1157.0	15194.2	2069.455567	2530.0	4418.0
2011	10	6	FROZEN	1179.0	22681.560000000005	5842.0	2499.0	5665.0
2011	10	7	BREAD	688.0	5307.51	1797.0	1198.0	1640.0
2011	10	8	DELI	1413.0	31559.739999999998	12355.277359999998	3925.0	7616.0
2011	10	9	GEN MERCH	658.0	7486.720000000002	147094.0	943.0	1224.0
2011	10	10	SUPPLEMENTS	764.0	30873.88	8069.0	1250.0	2126.0
2011	10	11	PERSONAL CARE	942.0	18732.600000000002	8037.609999999998	1534.0	2646.0
2011	10	12	HERBS&SPICES	592.0	3675.5299999999997	222.77380000000008	878.0	1607.0
2011	10	13	MEAT	1156.0	34921.22000000001	6944.466723999998	2854.0	5626.0
2011	10	14	JUICE BAR	363.0	3981.52	1692.0	791.0	980.0
2011	10	16	FISH&SEAFOOD	427.0	6881.95	560.404245	682.0	788.0
2011	10	17	BAKEHOUSE	983.0	7462.919999999998	2766.0	1964.0	2506.0
2011	10	18	FLOWERS	112.0	1295.0700000000006	114473.0	130.0	159.0
